"","1","2","3","4","5","6","7","8"
"1",1.37319873674145,-1.2569288553484,1.44479746523076,-0.505379977959188,-0.770231390264644,0.249219156987578,-0.348374729430113,0.964363714008327
"2",1.32839802272772,0.676702145600446,-1.44423805974592,0.975325518457027,0.566900347446919,-0.111529857893959,0.679509928154762,0.186534178786028
"3",2.42308566090677,0.966126669201033,-1.35265188725085,-0.205043174678425,-0.689562342949164,-0.077019221294777,1.96356953423666,-1.07527701363329
"4",0.322684758712542,0.244179521079004,0.194043162071298,2.44952935264266,-0.510606004420888,-1.13017961752311,-0.288642476118629,-0.0829587162005399
"5",-3.1093726782,-0.167376511494948,0.160459341911073,-2.51578019999241,-0.331815049275844,2.1249077741983,-0.549410850523434,2.23626898153721
"6",0.791559333139305,1.6470134976421,-0.456504172818967,2.35569274321299,-1.76913668593677,-1.00349625454633,1.50671675605982,0.355157139601543
"7",1.46923076637327,-0.733250864127538,-0.815792733453256,-1.43695803530608,-0.462178741142298,1.23260773260289,-0.107954067553773,-1.70325787226155
"8",0.202293196433102,1.57849142983737,0.368666158425537,1.42658398864167,0.808094303362034,-0.299356525180639,1.09577620876679,0.134393203817662
"9",-0.557748953386074,1.05003521768324,-2.82550363947268,0.104324700294384,-0.324856853487311,-0.354667878941793,-1.65874912614365,1.14935602285986
"10",-2.02461317622322,-1.04712234493597,1.41160343278212,0.286691115440348,-0.170937955612976,-1.26811874864925,0.399120130901042,0.10536137622996
"11",-5.80311814233845,-0.813266496010084,-0.434293073266156,-0.180810777164072,-1.95220454582056,-0.463903184230949,-1.91981495052907,3.48378964349131
"12",0.666792127954347,-0.481818649220923,0.314370524738909,0.263340079859689,-0.867662084046644,-0.775175330377718,0.920388248781193,0.0364192446405659
"13",-2.00911161625532,0.25349364856906,-0.179740979196181,0.850514932195459,0.431219843368646,-1.61404795715851,-1.1576566621924,0.790056342018882
"14",0.0900041404877571,-1.72822475632291,-0.483104994459541,1.69635785462033,-0.689534479239398,-2.67594881524911,-0.294377787831866,-0.623642886309065
"15",-2.32075044502299,2.88088975977726,-0.156822437773162,1.0708747907161,0.841568186886574,2.032640953796,-1.74590332219583,-0.166542578548726
"16",-0.765689498143724,0.25905780232634,-0.325473276122858,1.16399578889628,1.21507220832116,1.26942380857791,-1.70008601031068,0.0617659385681834
"17",0.486628104078563,-0.104182183379325,-0.171487878569949,-0.612560775581806,1.05785187694987,-0.108809168881662,-0.872070274814991,-1.18388827413231
"18",2.84513539144174,0.45385027467896,0.660985756489845,-0.223857430303221,-0.486063555754292,0.790004212118517,2.78065322234176,-0.562463058990768
"19",0.634413295229694,-0.295626430881574,-1.29920040447632,-1.41769616340648,-0.506868193570726,1.58907532563736,-0.0910788568581721,-0.248267179862705
"20",0.289032007568307,0.836013803936648,1.08212858131688,0.403043710747891,-0.124297895822608,-0.243051900975244,-0.186857384439001,1.30749853553303
"21",-0.537536269847461,-1.94448360017638,-0.749242246743143,-1.47208352653257,0.380778823270835,-1.33395938608398,-0.125396087911543,0.788114010187922
"22",-2.24391686304628,0.638645459040041,1.50399079667043,-0.951676545951021,-1.1833858201593,1.67581351510239,-0.154364884143129,0.271520881722394
"23",-1.08041504473953,0.382009129422501,-0.955636609979031,0.871719383511397,-0.344765182745696,0.414907821571158,1.0264898703164,0.629590893910686
"24",-4.14069942477676,0.804143339764109,-0.595701915893175,0.280764617364679,-0.277324008311908,0.93933260839799,-0.95445856996527,1.86095567830916
"25",1.85559150666033,0.553315341507008,0.0633580465062571,-0.750694325288062,0.012260064477766,0.361653251391766,1.87570582947854,-1.21429605467361
"26",-1.06192613252489,-0.272200687015773,-0.390253492727346,0.785692189770931,1.57638237808348,-0.47279624814877,-0.951227908248177,-0.714650956171048
"27",-0.588850902821844,0.780669613899036,-1.11733404386633,0.060947133696575,-1.73459473855428,0.768430725492149,1.27068097100481,-0.0383081238542301
"28",-0.122468873990579,1.1179891534753,0.113526800039827,0.796652780664146,-1.73277378961272,1.84657322384762,1.52283142795618,-0.529612040236577
"29",0.827698913940558,0.0246005963937541,-1.04788237775624,1.48350879884805,-0.335651866842813,-0.868258478249173,0.839757284231619,0.0185359139531732
"30",0.458088110098524,-0.155251352091965,-1.27343313283826,-0.229476943931039,-0.395766866803403,1.72383257042856,-0.288783772417974,-1.26227602741487
"31",-2.25491936078258,0.379691331184954,-0.53721494458243,-0.972070557901224,-0.676221451081109,-0.0391103105546065,0.566392470892062,1.73378085019552
"32",1.85075130951713,0.793554380584506,-0.125992650199396,-1.10104117153129,-1.24839114917066,0.817301738735388,0.54538557027375,-2.74151170453451
"33",-0.109254325729075,-0.913499560073734,-0.0794965038686373,-0.899080578845835,0.232014875801557,-0.00689972767003827,-0.0274964141051437,0.284097336969981
"34",-0.325548646697964,0.803433657142812,0.247145865994435,-0.0105883041356302,0.654946613981899,2.00674520549627,0.418814221019856,0.57076749348705
"35",-0.164607999532647,0.415009588316063,1.53941055663968,0.452064545258454,-0.846702900779001,0.529394425978779,0.211892150782433,0.53789472086487
"36",-2.06465968538538,0.784164236673613,0.974486495405294,-0.544313023293068,0.290262968126544,0.461703726591323,-1.25188088893812,0.0734288627173385
"37",-1.43741549480971,-0.375894393063133,-0.437859111131611,-2.13553752565791,-0.602708472049826,0.78314441355873,-1.04321765315121,-0.112139113134316
"38",1.40057536426483,-0.627206971242764,1.14553297821105,0.378881382058879,-0.428996274143609,-0.840102761415685,0.278143856038615,0.0857837725271707
"39",-1.67070454920972,-0.110710115882535,1.09652966027097,0.353576693191418,-1.06635280978436,-1.57773177207025,-0.266072833652559,0.787444801845077
"40",-1.21832388266231,-0.420473506157301,0.727309019269393,-1.27950454137525,-0.342783702792712,-1.02145924593637,1.7814525480081,1.50122385568811
"41",-3.72064611014067,-1.33813995524932,-0.255996539779479,-0.501904468105781,0.27177811800187,-0.636311182778714,-2.096282775596,2.03589277003797
"42",3.18809402024583,1.26730446891294,2.2327829326948,0.292097300813839,-1.22892944964908,0.738838838332964,2.62812137722802,-1.41525192359014
"43",-3.10484432849973,0.267317042820139,1.95230948601671,-0.189146877151857,-0.286871033145345,-0.0858686054321962,-0.27547878015593,0.649391454264508
"44",1.76755808964785,-0.0863742305315506,1.04065638677752,-0.294739171280859,-0.61652804194029,-1.258402536006,0.904740734381567,-0.728981571712825
"45",1.28362840306135,0.614413328585518,0.342354970212332,0.0131414877297921,-0.808187160210527,-0.195310841264081,0.390441615282971,-0.367101848261468
"46",1.85499079535541,0.618443047449924,-1.6106940618187,0.87107171878525,-1.5106084003423,0.175602717487823,0.504574227074687,-0.664587922488162
"47",-0.830993048372068,-1.58609248769642,-0.564490608773524,-0.671268344827937,0.374302449380234,-1.45803779698636,0.368741542863608,0.842959115460829
"48",-0.65959014149063,-0.788248903207122,1.26689321801063,-0.261591512967193,0.32495706210715,-0.687995958710907,-0.174143292145662,0.663939952273034
"49",-2.05082560590685,1.37778066132503,-1.75253942936471,0.223559980220606,0.552275864879451,0.855281553038245,-1.5614585540535,1.18604041144468
"50",0.115063891543726,-0.55311581757178,-0.413404975522629,1.44393472459321,-0.92119635992413,-1.68376971178289,1.07625511861347,0.44099043128557
"51",0.61920516651249,0.133149483074661,0.275384216084109,0.143039449151152,1.0837622438257,-0.467890411923494,-1.69488582682741,0.0795730154315928
"52",0.8436057834247,1.82605691172241,-0.367578105456178,-0.33216870183383,-0.651294571843647,2.11942856268778,0.233152934180343,0.0915074706192959
"53",0.0978569420513801,-0.26393107288387,-1.78786544696103,-1.1305968389384,-0.124909358627736,-0.880221076943232,-0.504285336698898,0.410511573010697
"54",1.18111919700115,-0.0400989044754105,-2.02003710374362,0.804130860100188,0.219411936696331,-0.22045494138396,-0.651724091762035,-0.477983143128198
"55",3.01478046380179,0.557439163353568,-1.35962459819333,0.860433171943045,-0.805909964479718,-0.293409902398304,2.13691489310087,-1.90850324123022
"56",1.33627004051911,1.33962384227893,0.323725460837919,1.22728708682045,0.186672122099226,-1.29391390427523,-1.43566628510196,-1.69502333307695
"57",1.91489635908691,-0.948576386622341,-0.653051601221645,0.350746058035461,0.824244666644556,-0.498982392308715,2.68886803588427,-0.3871570640143
"58",-3.80568044058869,0.549729028059612,0.186997815125019,0.303158633340645,-0.938175319585577,1.05626582703586,-2.11154814405786,0.837098469556661
"59",-1.38855433646059,-0.455239919632171,-0.34966345352577,-0.126668825002897,1.01231561916996,-0.585388993917072,-0.58081850953179,0.348164205400937
"60",0.389785400827238,-0.0601721144493889,-0.43724624067907,0.859375357930727,-0.0534515528445792,-0.388550871760582,-0.156960599322785,0.898091979299632
"61",-0.695596976073627,-1.33393950750679,0.568585874537099,-0.976528112630076,0.0433102394733715,-0.139310641178258,0.740288278845812,2.32745260029987
"62",1.90266925858207,-1.14262622804729,0.659310545109563,1.60981748162851,1.77099002371589,-1.82839814594908,1.72560689749025,-0.378687722054373
"63",0.358605153282817,-1.5897382216758,1.40152666158861,0.637461725787679,0.0657580121017557,-1.81516898636829,-0.438438728292036,-0.608819014982714
"64",0.121667789573794,-0.312669337123598,-0.954729261941481,-1.28734310696986,1.13982359143891,0.763894604461302,0.0960667433248311,-0.242133178105216
"65",-0.299564561730842,0.724325001421875,-0.458301257093118,2.73112755857386,2.20731620879021,-0.552121191793763,-1.08997782160413,-0.50133859520184
"66",1.55846811997194,-0.163070493763149,-0.673175183231503,-0.0980224949204144,0.643763189298954,0.119164364888293,-1.46662980328367,-1.21562881958457
"67",3.31405736455936,-0.563402244043512,-0.571906837568606,2.08090748139599,1.73594784817183,-1.15422477248818,1.2894664264668,-0.858009105934699
"68",-0.318126317882814,-0.85044749628048,-0.63009441037224,-0.0475842190699768,-0.646192183156482,-1.03656283354354,-0.572239432868774,0.0314778453379996
"69",-0.267955920989781,0.0266456271551626,-0.456295501379027,-0.210472108296769,0.651691344479701,1.50210681032595,-1.23186277498622,-0.142557302600584
"70",-0.144178278166479,-1.40199838824876,-1.95233340798653,-1.89803047194808,1.09531904337389,-0.410657525649353,-0.34303316656893,-0.418351256745332
"71",0.264605502070578,0.820673512788018,-1.40160196731998,-1.05890749128795,-1.00884604967113,1.70782770494668,-0.137849171671513,-0.919703011375996
"72",-1.86938410677414,0.844070823790819,0.708204120190361,0.378286337136811,-0.541085564318446,-0.670304485516046,-1.66378486990243,0.230218843356801
"73",-3.21798190543571,-1.41728889934441,0.88854239970431,-0.88944449813993,-0.465595700000003,-0.619052971901569,-2.0698202027962,2.36924182081179
"74",-0.582101246416161,-1.2994559324708,-0.190136350670146,-0.518127880454473,-0.464019399169872,0.63752876738212,0.768834181551736,0.589377531438624
"75",-0.70440229078591,0.11577175375764,0.0912977014782885,0.957286472618267,-1.81148269972739,-2.07121022087946,0.666241786632823,0.216752101165304
"76",0.960836416745268,-0.574023785550915,1.53394601563213,0.448679817487942,-0.503851844523037,0.59380455904624,0.285250039446627,-0.506868962165922
"77",-0.793837875720933,-0.776948726459779,-0.497849606221686,-1.39058916623075,1.80056557437095,-0.182880893148473,-1.83444752915819,1.35024332944061
"78",-2.23445204671676,-0.316296291341059,0.626368464678672,0.15848778868308,-0.116206629637131,-0.685332078130553,0.0876707977143016,0.627785774798782
"79",0.59360354928437,0.656616923064544,-0.243569554190067,1.98903488759747,0.158139621522822,-0.540871914596016,0.459067661403011,-0.695030841166826
"80",-0.410073608039743,-0.616221933277643,-1.19920593016584,0.00718596797091575,0.612772603075254,0.852165738392891,-0.251499941724622,-0.123618793558445
"81",-3.3348306073622,-0.980373346249402,1.02947356577635,0.699364478742854,0.21445884027667,-1.34101866078934,-1.73016594587505,1.53908803594251
"82",-1.3019381386919,0.44201234325955,0.186514375088509,1.70738444010877,0.368832587675872,-1.4961016132396,-0.928427829981693,1.39516189164279
"83",-1.04270719675841,0.868667033253654,0.287976962314136,0.306917136367753,0.077074246632871,0.571850887182542,-0.0504348039545597,2.05328699411191
"84",-1.56515084438319,-0.63798808583167,0.637999176686776,0.670946955296047,-0.651742609140237,-0.371598071560864,-1.20723870577137,0.165614855348958
"85",-0.754654322398205,0.579169273178696,-0.461294177851997,0.387209888200604,0.813822882314896,0.335339947929301,0.0157487863571864,0.844101072127049
"86",0.709686287301897,-0.694931522062772,1.42774009784509,-0.737883625873785,1.33505875109864,1.39941987368074,-0.0859493453845079,0.323429335460771
"87",-1.90438746634967,1.73781985575942,0.569261602282065,0.898222335655884,-0.18181990557258,-1.0880644590522,-1.59727962560596,0.00539892323743873
"88",1.49927719852404,1.40817395271676,-1.86460354173015,1.19161938724562,-0.107658765121042,0.13468303255724,0.209834441320928,-0.130340206212353
"89",2.21124889209544,0.534878161178092,-1.07669168971403,0.798162250959408,1.13958970075241,1.90098380902706,2.13220076553877,-1.27254501280098
"90",3.55045250003177,-0.479345249146734,-0.769802415361837,-0.390585654163837,1.11601752789836,0.445486032930955,-1.80486909994718,-1.47382218353164
"91",-0.0861014173315397,-0.293053654155383,0.687548395349517,1.37707583523735,-0.159325414522686,-1.1098632818108,1.50215184511623,-0.332996137502108
"92",1.75243075114608,0.619566458324085,0.368916489525326,-0.885165404852344,0.370906511752509,1.28493798402763,1.62562043798556,0.754390658530942
"93",-4.93495544263603,0.0555503083138886,-1.56162987963322,1.80655161739376,-0.990773503666522,-0.586507628054107,-1.5930641509802,1.88995814539858
"94",-0.456017350974097,1.45614251691253,-0.219490782488329,2.50923437978046,-0.309473249689015,-0.757279592434808,-1.0956548395122,0.614614642727233
"95",-1.18393448230523,-0.100251693755024,-1.14797260088286,-0.42176292564624,-0.0150233747439846,0.032202787656247,-1.619657307902,1.46704195622513
"96",-1.53439134177279,0.260898959855735,0.735800094177285,1.15077185673272,1.22608092346548,-0.898521934207556,-1.01839482316972,1.31846047053271
"97",1.5222327689585,-1.90704496568679,0.364357012863247,0.606778179912703,0.723040635798764,-2.41686949528095,0.62397871401934,0.128105672098441
"98",1.47254632610093,0.581232480048716,0.700869312325328,-0.896951113367786,-0.443115737453091,0.872433678785268,-0.365052790917946,-2.0174465276162
"99",0.952516062719245,0.665331306427672,1.27030085640115,1.32350091640528,1.14091629384273,-0.652797616037293,0.0252938680065913,-1.16321653595886
"100",1.4447929934576,0.198619858274801,2.49307897463839,0.603301886165052,1.0136826201214,-1.16128232647932,0.394353865300937,0.374976927925367
"101",-1.06780819357395,1.31266883063542,0.147310783019317,-0.154172324546599,-1.19984075784586,1.93641953871181,-0.116441557442518,0.579112079543929
"102",0.278431445940364,-1.37482494349143,-2.13230702826532,-0.590459480716706,0.533667236121735,-2.01252539700393,-1.61467518139811,-0.40831089921671
"103",-1.76197907219359,-0.0745674132349394,1.05601585059299,1.07735193361643,0.268237407159329,-3.64720139890458,-0.660033577799829,0.830483594345747
"104",-2.49530746986312,-0.692514277843922,0.0891188001155365,-0.483078759916704,-0.0767172162642256,-0.0460413085138489,0.202297096289402,1.85206044810966
"105",-2.52987352612707,0.284775720145347,1.66206452990977,0.574584153932255,0.992855737533398,-0.962471296510128,-1.21105821036924,2.35270658827692
"106",-0.793801046152248,0.815849137512501,-0.553032840743422,-0.397189195709788,0.707075250200516,-0.027295548795381,0.691175142544358,0.139332292844006
"107",-0.6413525789556,1.01376575359157,0.868080977791377,-1.09359405172515,0.122926790584021,1.78719768672544,0.604009602214798,-1.00644217667248
"108",0.143000078767418,0.2925522753681,-0.556653704757311,0.848463640882843,0.335698765738031,-0.524836816823623,-1.73614406450331,-0.836235646419962
"109",1.62682885793918,-0.244138913703887,0.205130403054441,1.31801041613199,-0.365158688403503,0.390028162754336,1.6794206634528,-1.1719042715561
"110",0.831178833172334,1.01245723132693,-1.14642218592662,-0.0249524091756217,-0.568151566725584,-0.661943043197875,1.3772663001806,-0.55748778692317
"111",-0.0278288374930582,1.39701489022392,-1.28488334260994,-0.696806874321109,-0.794071682368544,3.12369829913325,0.110938350863043,0.194710485462935
"112",-1.78449850203632,1.66903579786578,0.466438080499704,-0.182933838899543,-0.441053014875136,-0.0562113564782282,0.426527369602141,-0.0117835070487322
"113",0.712051163996892,-0.597550886640187,0.203392987190159,-0.377333553379722,-0.353372944456437,-0.504560281558841,1.6024362473419,-0.619105824787448
"114",0.780120845539781,-0.331115506336479,-1.0302562405144,0.0171089231043474,0.506376887033508,-1.0206023464774,1.02085305822576,0.0810234880595492
"115",1.66180415466902,-0.363520454156892,0.118994151438207,-0.348047797960438,1.2618572966893,0.472886545387429,0.203923739121439,-0.701071849395092
"116",-0.109434253484037,-0.489006306046488,-0.7528222224869,-0.17553638525115,-0.237634822896885,0.186764678548562,0.0123312099112745,-0.109228099075536
"117",-1.38318091858114,-0.950291978602418,-0.532358841723761,-1.32540392557048,-0.412085822950398,-1.32431185690837,-0.861412620170293,1.38431057060793
"118",0.71241422283292,0.492053981766286,0.931572628714634,2.59384979822353,-0.80128774143809,-0.772751366333693,-0.0768100100047914,1.02482137593758
"119",0.318847327283279,-0.811424782411927,1.89463206740801,-0.77136220892552,0.631121146206864,-0.802042576062229,0.827465434321097,-0.305505653767624
"120",-1.07732189690355,-0.274735259930586,-0.484584733874133,-0.549774449083042,-0.933438659380644,-0.680261281688366,-0.322928815129395,0.173888816365174
"121",0.140636090742197,-0.103242608174002,0.954057997068012,0.231128635174494,-0.274751859576171,0.831933006256712,0.195205460680571,-0.126675199691617
"122",-0.0717103874902033,0.387233368331911,-0.717468401068361,2.68477399652771,0.193971468467945,-2.05459888194346,0.788984288906155,0.658403846450205
"123",0.374240970058196,-1.7414578945917,-1.16709299345024,-0.994163061903946,-0.217624172118246,0.845345700064165,2.20583549683501,0.0790079785648613
"124",-0.546773011542536,-0.104702885514299,-2.69479398920554,-0.27897358285908,-0.724999393317487,0.35107573425679,0.622574173395713,1.34309247522069
"125",-0.657237217559558,0.903227857202157,-0.658002650669962,0.103352490114167,-1.1724097575651,0.0307475916418333,0.914493687817495,0.328769412714396
"126",0.634471950180084,1.43989988173167,-1.22306709087359,1.13882879962984,0.562121768898089,0.287135443308493,-0.398418605467115,0.427720371056573
"127",0.558084775372503,-0.16566882521359,0.54012509693785,-0.0769428773266974,-0.039529850288268,0.331257107893093,1.04254232312513,0.158230012407913
"128",0.531703384726162,-0.427949287115487,-1.25148447467084,-0.329695556387947,0.597786962267313,-0.323361226716705,-0.0143784772823509,-0.488064503665033
"129",2.34457620037519,2.37646965043941,0.167772085500583,2.19010238369103,0.9426495794141,0.667503969717035,2.32023564664565,-0.380135053224243
"130",-1.46840494828678,0.185036443822068,-0.0661550864934521,0.996798075238991,-0.658330997848877,-1.76136573383298,-1.04935865569652,2.08821148293535
"131",-1.21764360161587,0.767844990823046,0.481390598596161,-0.793899926978381,-0.25430354979377,2.20371831270269,-1.89666436129777,0.95223417068232
"132",0.350214064629152,-0.851085121998539,0.826543401507657,-0.250405009842423,1.22643044501091,1.20063324798914,0.0240100753346445,1.07754642095681
"133",0.569481380938318,0.101898980703052,0.788557245609485,0.236001814660856,0.834441597348867,-0.810565015774354,1.06800638859797,0.515130973840416
"134",-0.627979994657764,0.375600311601634,-1.51016540282744,0.783263979821916,0.124078674864885,-0.0159827776172721,1.23744030217728,-1.42759788546276
"135",-0.890693145199304,1.58092174710843,0.35852330749892,0.681419939376343,0.609454440422844,-0.534406962301083,-1.15212888617983,-0.514594692618731
"136",0.29207201112065,0.833779766889132,0.447023354876654,0.536494092472297,0.0452806305650646,1.08404415856163,0.0740922323469959,-0.0721335144744719
"137",0.883229009820261,0.432675390990567,-0.246397359132282,0.827233170898078,-1.51528800121933,-0.0275751574709498,0.450318771965979,-1.53424875889841
"138",-0.622644430205441,-0.207756430364485,0.421339633618863,1.75405924738217,0.194598169075829,-0.508295264532306,0.00641567898332865,-0.780357775016908
"139",-3.43239088131734,0.0543294682406617,0.600058313315289,-0.34313560905489,-1.17931509173224,-0.918232395180743,-2.3371792094659,-0.605550982931729
"140",1.09153931431982,-0.0670632100143945,-0.89846499340903,-0.607368995757082,0.616760495205347,0.244627076653972,1.02561480829395,-0.14754777950994
"141",1.54678669934926,-0.249973836529529,-0.347670227613326,0.220373472045479,1.01501803547874,0.536197171219611,-0.833016518936838,-1.04715002870546
"142",0.829276331381449,1.15122339315925,0.391058246689724,1.89361921280565,-0.380086383300979,-0.0938789965093082,0.643618828184364,0.319380714999105
"143",0.367949994858906,1.06349961791503,0.711149287357073,0.251441676558045,0.267159410809262,1.23435950849106,0.0546110973461285,0.631427315187841
"144",-0.666117043040061,0.141446010350148,0.692142745271374,-0.548773826287559,0.863223874384714,-1.17484468406119,-0.48729420286307,0.547737709747689
"145",-2.35888217589539,-1.00246611531188,0.6272193552305,1.04082124298834,-1.56929862389997,-1.07530919114257,-1.44511847978627,0.0262724186587033
"146",4.71742736284724,0.0412402819007611,1.59938572382912,-0.340616050215921,1.36011054622547,0.00454935961168795,3.04483358421757,-0.728974359824525
"147",-1.15413870313396,-2.35843891640335,0.975387839391529,0.238596852567081,0.495085344930778,-2.22960642702,-0.777961293525063,-0.85631508940773
"148",0.818370728165298,-1.1571804370092,0.492609737761659,-0.203041987526927,1.1863050145785,0.329761242048295,0.15260915368957,-1.69873378640743
"149",-2.37458955608042,-1.34512166232714,-0.919551657801533,-1.32195673304563,-0.0359420384947196,-1.25173487551782,-0.378568633246451,1.1882257229932
"150",2.1850578266614,-2.67010028101938,-0.604572492460754,-0.250721382187967,0.688960750248443,-1.02281594697072,1.31025533552392,-0.775401603569208
"151",-0.495770173099647,-0.319653481892638,1.12207620972568,0.723562704484858,-0.517069492962202,-0.548608890071505,-0.197814827187009,-0.111111658304814
"152",1.49786292041788,1.51556077154736,-0.605538218621691,2.20092959982851,-0.525969189419083,2.58374674357948,0.684998892938747,-0.725283743322666
"153",0.28251525598138,-0.3051439072939,1.46808181435613,0.425078745219526,-0.94021714735636,-1.14840839332303,-1.00928421744003,-0.812551273728981
"154",-1.75071144914921,0.694236644732835,-0.0372040481317813,1.00629882026182,-1.32870106401743,0.0474092650528186,-1.78145259625817,1.87126662586356
"155",-1.37145358320877,1.96033935403974,0.0654027054019747,-0.747658353330282,-0.0258888456232939,1.96341493888636,-1.56790361883057,0.486149815000417
"156",-0.450377883925013,0.367994533585668,-1.21047316471936,0.126930419103696,-1.05144104286779,0.495893820225152,-0.809256910237482,-1.47163436125111
"157",-0.314979049370569,-0.150074915824118,-1.72597373453659,0.628071718296566,0.233538605370629,-0.0271895266264987,0.866847853418824,-0.865528113059743
"158",-0.512399899462231,-1.27278145523811,-1.05603926302926,-0.126658146779589,-1.29434778408958,-1.45612821685434,0.10883615468252,0.995967100144326
"159",-1.43373211065842,-0.0787494587703561,-0.626126718566623,-0.154890809813829,0.865479253841641,-0.0076347093017683,-2.13083367217558,-0.515973733717226
"160",-0.361174197432799,0.407392254609503,0.72816870641636,0.417057412166558,0.0055302229229659,0.200907673235962,0.697886083732878,-0.816092020644852
"161",1.99258448376577,-1.25790935719913,-3.26934197691265,-0.711264040288356,-0.0143910118260655,-0.775651947679662,0.520424081476588,-1.65923440757863
"162",1.43399306796272,-0.857586485233574,0.456450636948258,0.0700234179953005,1.65845764092491,-0.566316511975381,-0.0490824560062647,-0.675953359758718
"163",0.719130475647275,1.67674543411794,1.25160240301581,0.398013310090683,0.340989015586845,0.254484341135243,0.0213621780886205,-0.54245228236623
"164",-3.5526673669341,0.000536463477097626,-0.593482839989667,0.466201033569723,0.662548754772905,0.581667436903633,-0.48107550981654,1.61042949040776
"165",-0.116382498895348,0.508631320734384,-0.231336380018218,1.43673777603464,-1.81402530068907,-1.27162124943801,0.236650703549872,0.394834627669257
"166",-1.55220328428815,0.923864576976682,1.35235963521212,-1.50827739394505,0.319405826597817,2.55929261394651,-2.32152350872928,-1.09146694877158
"167",2.47215779774225,1.11994019939227,0.535267483288888,3.04483041922516,1.48731356525267,-0.658371235018851,1.17132819164243,0.145780269669897
"168",-0.39283279555739,0.133948832787287,1.31124776383959,0.242485484506302,1.83845517606738,-0.41317194005998,1.39164560764906,-1.21837651987416
"169",-1.66827177735911,1.02420670402624,-1.41308927881566,1.34732876629854,-1.80112751351048,-0.824901772759922,-1.35412414003512,0.550495131087653
"170",-0.86072323552666,1.25480035194972,0.30281410518827,0.964006654275183,-0.823671392822493,-1.13355942788053,0.146440426000773,0.0733847471251446
"171",0.946607786922507,0.733552653463168,1.24873017521594,1.40249333019692,0.519975801062813,1.47558725529749,0.138053796511964,-0.504386455988605
"172",-1.79369111124192,-0.831461449994007,0.702860091296897,-0.490321964952739,0.603952755566129,-1.23112350316646,-0.564226876452631,0.85785920032158
"173",-2.81506188566238,0.367591271166909,-0.317163469227872,-0.624735439422998,0.68761890293453,1.24358595984311,-2.50915289132736,1.01339847378047
"174",2.31017716127932,-0.3945497769096,-2.98850457517435,-0.570925382371524,1.22570290376401,1.53942875132197,-0.675988052779247,-1.4037490708844
"175",-1.18605709962367,1.01531418787382,-3.34048513257767,0.95761114740521,-0.425807285887775,-0.0869702308267417,-0.436639927960519,0.624867339936076
"176",1.62539149276696,0.147661684677066,1.02678765180782,-0.154027610015596,0.0369719680401225,0.0439546780055859,2.5378757427575,-0.0743951966731987
"177",2.1948654260874,-0.430718157487881,-0.176324259301657,0.555362010232808,1.08613177596562,-2.05395741631495,-0.827896551624753,0.153565544424644
"178",0.605612476010277,-0.197668275471333,-0.0897620979478733,0.460555087050457,2.09931855777364,-0.364117900640799,-0.973155352674056,0.418663039839554
"179",0.471261403100903,1.87339798385774,0.640465761969399,2.1050402319763,1.10206521278961,1.4297586067494,-0.51539737731084,0.170323629397809
"180",0.515435928477003,0.897967794220743,1.42669477143337,-0.386519493592081,0.19723621352473,1.8816570646364,0.785837786377087,-0.166105558215338
"181",1.58899564123055,-0.548309180886268,0.00846268275255124,-1.99992346053297,-0.156687674519768,0.298191869009127,0.992516196039078,-0.343469965916836
"182",0.619413407876467,-0.322757003000007,1.32237012981794,0.143550438436075,1.39300525825772,0.0516968500237023,0.401862383383848,0.52931900206016
"183",1.33014040244287,-0.133297765135173,-0.166091272854458,-1.90263378417318,-0.777452664071163,0.345787869143025,1.79760060467612,-0.719664029331383
"184",0.148095322493097,-0.0949592317169235,-0.409576334974088,-0.120237843032743,0.967969505448139,0.751747332851572,0.442217662355596,1.26427507327348
"185",0.612302587499146,0.478282860534063,-0.305218964864734,-0.29954568393231,-0.749168149452221,1.67137586639749,0.0780918591493611,0.0590518215837585
"186",-0.348648517412361,-0.00926863587011917,-0.955293256848729,0.341462480234253,0.332881424021753,0.57340403032345,-0.0481495763063716,0.250248502835584
"187",-2.0987219174252,2.27063235021923,-0.658706500355009,0.14468453171884,-0.53966056227463,0.597503852372946,0.431577089306093,-0.232019618254653
"188",-0.265369017271456,-0.566927175350724,-2.1348926093558,1.12799114001263,-1.58839558766347,-1.58437402263354,-0.936280244931007,-0.766963645370989
"189",1.13671948985222,-1.40219780959323,2.12754119995676,-0.248260378270524,1.55668766735343,-1.20319638318762,-0.564174123101112,0.278033676670397
"190",-0.932941543620583,-0.438362357961454,1.611481793714,0.158533406191821,-1.22194355863418,0.129947940706939,0.531294162497591,0.745314295518977
"191",-0.484172546627664,0.293827303657622,0.998228074028705,0.861454581612278,0.0166917818458199,0.597744663708311,0.540547968540425,-2.39714812173977
"192",-3.21593753634693,-0.537131374331273,-0.488531207446658,0.1889470321629,0.365985822035069,-0.736740063061614,-1.41954677273226,0.37628729402078
"193",1.58524933237805,-1.13657337712674,-0.449846790643396,-1.23561702136394,-0.304376337534951,1.62735348635102,0.194251843497246,-1.06706705385739
"194",2.50356203788945,-1.75737945082808,0.0381197814807665,-0.781296647542317,-0.00103439398710159,-0.572105594924477,1.61149190756367,-0.301677076541675
"195",-1.43009246001776,0.635975701416362,0.671540211098341,-0.415732572767821,1.61781066991412,0.537784759924134,-1.56294753651796,0.521827987566484
"196",-1.8089220275002,0.89167067264186,-0.174663747610963,-0.715223918045972,-0.476425197825232,2.33604600698904,-0.560450321474267,1.3230524365739
"197",1.66903806897311,0.0947261288711698,-0.452724348904448,0.232290624503602,-0.896116483303826,1.07017916530905,1.0057796368044,-0.478843038278295
"198",-0.883723875902082,-1.0038709746985,-1.03754533637465,-3.29315459381774,0.72633720789696,-1.42012727963802,-1.13832510607238,-0.124756523789401
"199",2.16100330951357,0.00994326531266038,-0.939273142607151,-0.177899737732316,0.341310003480518,-1.06131619817761,0.488047638790746,-1.25813013372744
"200",-3.34872757698848,-0.903142815015799,0.965195040671063,-2.74704238165452,-0.408481090272459,1.61206826127465,-0.354141004569677,1.02568120701662
"201",-1.33735127519799,-0.414750987178725,-0.180117942488324,-0.69276017608869,-1.58668339697788,0.227039299121803,0.0664004397763981,0.371757135514108
"202",1.23695038254433,0.989856758959345,-0.59454010639364,0.680963927663895,0.276478511886298,0.416775476121657,1.01112901402653,-2.22076358143346
"203",2.27162831984352,0.0886586092831153,-1.70012675379129,0.787507710894505,-1.20319643384532,-0.778294386062714,0.161833641153204,-1.54046686756992
"204",1.43754605412664,-1.63744686724877,-0.0260075208533424,-0.710506911757853,-0.0746897884495542,-0.471278173483571,-0.0896814819161656,-1.05271553418921
"205",0.58550643144317,-0.66915933045281,-1.55548098977902,0.142832534717404,2.35789734417448,-1.06282314557717,-1.59167386422812,0.0704331201978743
"206",-0.232239747143712,0.889323208076261,-0.226937467894943,-0.21346502531881,0.457175569485048,1.64454842023787,-0.472828082367785,0.731007712898698
"207",0.0664038136009551,0.154056132874051,0.958305894050834,1.9384978653418,-2.53920749637262,-0.475920562665496,0.439685093629187,0.653449608324765
"208",0.104238665805248,1.43597641089487,1.98396320515677,0.995462312394587,1.81123527498451,0.672661005078979,1.31475455456751,-1.15076562293491
"209",4.05159004183231,-1.65429527233672,0.695667081704949,0.631329197202094,1.4661877634808,-1.8036006723278,1.50091105114979,-1.54542064454765
"210",0.436553550683729,-2.51781842874336,0.510646714862088,0.430918368470648,0.0521173124894698,-0.643407211476179,-1.42093149777496,-0.812696540464365
"211",1.47542248985403,0.969508941782324,-0.437086157033251,0.734607943301574,-1.43427563659218,0.642653138410155,0.559715145070304,-0.462773357922686
"212",-0.376964966550147,-0.134076822119634,-3.20621460280977,0.435784450804433,-1.00632675862569,-1.76403223775843,-0.145953216651465,-0.506084245428523
"213",-2.04691730250872,-1.02649320292779,0.587240417537955,0.7255952833753,-0.496692315328188,-2.78795257797167,-0.852827992773139,-0.635255138628527
"214",0.837411516090109,-0.287155048229657,0.455593874067293,-0.935126999375174,-0.569568944861446,-0.129932628764154,-0.0526273736993394,-0.457875603714941
"215",1.0526255308873,0.318393016074236,0.890081354230822,0.79285767245272,1.08790831188652,1.00939293457151,-0.395627598013102,0.150254812029253
"216",0.525079290082261,-0.997526871922153,0.987194912383217,-1.73448510238259,0.759789842930613,0.0735668828397325,-0.0273907597911311,-0.194186847949103
"217",1.55000314950821,0.741395048547014,1.66820247674971,-0.822537524277579,0.0483172431407408,-0.0843159359541623,-0.536483565990887,-0.714883956522009
"218",-0.865356116897627,0.298703515327779,1.34264568882435,0.525298663115424,1.15553795296638,-0.167768902830435,-0.832821163669295,-0.125368126647645
"219",0.323492766057337,0.318435543723215,-0.468117981160372,0.460246938488396,-0.410792218483145,1.20256877703056,0.628697868428218,-0.365648724104483
"220",1.04715210081654,-0.222296011104859,1.12264974916782,-0.0773660528238977,0.791852607276743,-1.19008323546389,0.0739057593552391,-0.156876544344754
"221",0.195541978379328,0.706449446158527,0.830006449908696,1.02983973257891,1.66828338189463,-0.210911557991016,0.271049851791446,-0.255547636398752
"222",-0.0206160061551805,0.944616942377209,0.920372361537889,-0.567125116338442,-0.941745219240285,0.257736320717055,1.19951911262149,-1.13581787143143
"223",0.895182913256787,0.0961115643117662,-0.792006097831234,2.11896818382309,-1.74180219858565,-1.05380754927316,0.167046973327575,-0.546460819930251
"224",-1.66710090158191,0.400436583797115,-0.531550248508916,-1.02241260467197,-0.202117062516337,1.95803298137247,-0.688885950240259,1.61276658831611
"225",0.390094748995938,-0.418045321390891,-0.380184883543434,-1.0258159089274,0.108097629288354,-0.0793049742122596,-0.207789065327617,-0.116848577793758
"226",-0.445567498498806,-0.970474085192389,0.53074296417503,-0.728671828234027,-0.224589938121624,-1.69968756530571,0.782291405121578,0.251114632309662
"227",-2.65291690854764,-1.66232979401534,-0.161455963427646,-0.0858575952680223,-2.31402322441026,-0.481812577248452,0.140768122860648,0.855571636382803
"228",-2.920719148255,0.905255355124126,-0.0415254150190569,0.119376441458008,-0.9977003137841,1.94304502411439,1.26938774417249,2.20875837602712
"229",1.86934065067745,0.434914474564264,0.352375219686408,-0.606809582431547,-0.616826739033607,-0.979081607443638,1.59926393418298,0.525666440088686
"230",-0.65721614386846,-0.67856246396249,0.0150360487518438,-0.116983307043779,-0.221770252903533,-0.409465491297428,-0.835908933099106,-1.39304182178327
"231",1.00461875738726,0.509702487516205,1.51838733291416,0.638491751635093,0.979089866793423,0.45951174694156,1.5717356001742,0.324257656757073
"232",0.0945033066502201,0.709606162790232,0.620149791841961,0.76803841777016,0.465384854974827,0.131262664575411,-0.144517628634182,-0.214882683850295
"233",-1.11083890406847,-1.63181000463764,0.365657036282109,-3.08537672981016,-1.74595412346195,0.966848004813666,-0.0835247232132797,0.0629876092714571
"234",0.672941350544125,-0.887691566607203,0.254015239145341,2.09104687725938,-1.05394224022159,-1.78413391676084,-0.110641019083809,0.296459536681166
"235",-0.663168157025532,-0.756390454261449,-1.2157757659518,-0.0546705012818962,0.542474970471101,0.937761936783614,-0.110279994603734,1.42714349548042
"236",-1.73625552854367,-0.110637898898431,0.363084870536922,-0.238217033338692,-1.57335807641372,0.0725003206659165,0.574453916382828,0.0742339145288467
"237",-0.586554609031443,0.594857811891794,-0.850261628591625,2.40502070858932,-1.04812375547111,1.2368179835208,-1.97877552488114,-1.54998941208943
"238",4.50748664737729,1.04242608838653,1.32421470424565,0.292352590583322,-1.04284985340574,0.26956504438786,2.22014647418758,-2.49007761689157
"239",2.77361876235899,0.491963503150398,0.200783719585032,0.664526269244958,1.0056854129502,-0.657444700122177,-0.0751991084173089,-1.1169411121714
"240",-0.39691867577605,-0.253018997572444,-0.235992580742925,0.354475729668449,0.255449356039564,0.275558809502334,1.00466547238093,1.41605609895703
"241",-2.63352080711087,0.413653852841973,-0.0137548843741075,0.148779075033109,-1.0332627859457,-0.751642816874892,-2.11501590778722,0.0787428961415983
"242",1.04582842938991,0.749751865796488,-0.520708034585271,0.740383867855218,1.01520881985017,0.17033192489015,-0.128356289763506,0.113619765250867
"243",-4.63439841713014,-0.72459085603705,-0.683352314866997,0.794092280528327,-0.283852745917456,0.574207940469003,-2.77427199319345,1.63410429784872
"244",-1.52645975579515,-0.732890935107042,0.000428984702457272,1.62365906613328,-0.88522018232491,-2.02574452991832,0.234122108642138,0.21414202210452
"245",-0.134884852615169,0.144239112115839,-0.998454069960601,-0.585190091883449,-0.1852370945439,1.26323902503883,-1.31108090912676,-0.696442722537798
"246",0.895273789596211,-0.191347950348878,0.494927252587741,1.00623898078629,0.593639684757949,-0.846018076840607,0.417535555507084,0.0910179901641283
"247",2.19715647983642,-0.176897077166817,-0.648714767418443,-1.19300899107914,1.90724699425151,0.483297395041963,1.69303721978375,0.326489106861925
"248",-1.31613214094579,1.62738500483256,-0.0714676205749267,-0.0726589137846271,1.03254819824694,1.61185925166723,-1.10513251211437,1.83930528640078
"249",-0.676200928151996,0.356309692034516,0.96434080250887,0.125728420195761,1.88932151305489,1.36295167577093,-1.19730741393821,-0.00797570027509548
"250",3.21025834256601,1.52395126039801,2.32231921759694,0.15532566614423,0.762792319489557,1.20926824496393,0.993090664542569,-1.74859632091422
"251",-1.77827841684998,-0.662292004505698,1.40299517321722,0.0468303077137594,0.371780433399033,-1.48706626415894,0.574335543984427,0.474054233319759
"252",0.0383753456207641,-0.0812714609532121,-2.0518018279801,-2.13185831395083,-0.189950971180408,0.68027597534296,-1.04367107200795,-0.218278948525763
"253",-0.487344977184846,0.362497355541878,-1.87729068955275,2.08842353113224,0.1381600592567,-1.31730810317276,-0.576044560962764,-0.113292100437406
"254",0.889031399665136,-1.70732909780594,-1.44072411344192,0.017865178945447,0.420747774371124,-1.52534185943305,0.0907359401154216,-0.445527804441971
"255",-0.170312264886694,-0.452713807225697,0.335332027943863,-1.51919398146073,0.657222856243538,0.622216039945241,-1.09889219157818,0.24909941341294
"256",-3.03577687528744,-2.39599904974679,0.00288465188197708,-1.31635595739242,-0.709313104964819,-0.266554530238917,-2.60540660435089,0.832662510477988
"257",-0.169684896489854,-0.661243841886769,-0.774150562224615,-0.0880065946250173,-1.45395414864784,0.446399142701109,-1.08611219686159,0.113998098372822
"258",0.772748585131167,-1.05776192181244,1.12470820276908,-1.4955308613331,0.993421303236913,0.454824092318071,0.197955747062068,1.04790368248933
"259",0.100685543773428,1.32740723279119,-0.776719191819943,1.2098514778516,0.262783721843128,-0.082838496784207,-0.870903687045486,0.675206793412262
"260",2.45170618062797,0.596439457404508,0.790214928853283,1.68837439541092,0.919735384050492,-1.35451378064579,0.193024771596626,-0.932132817322924
"261",1.76528483831603,-1.91977443945492,-0.245353716021044,0.370759335162865,-0.232261883940043,-1.68106687990898,-0.957730818460371,-0.884941823425831
"262",-1.52589469105665,-0.450741694817975,-0.155420349659789,0.851182357963818,-0.427616731646884,-0.148814273593467,-1.00322120593276,0.258334790452637
"263",2.11160909117632,1.1220324730278,1.41229746817679,-0.37744395491325,2.68096526617959,2.10709330975982,1.91110939171513,-0.258514554530403
"264",1.86104759000491,0.0874873548490663,1.30396209560458,-0.0216899516001598,0.82637886386026,0.850410723901078,0.352732399073189,-0.576468088835559
"265",1.11629277779832,1.14711541540386,0.760364986568248,-0.812052820943039,-0.0859286549163147,0.459227071964724,1.00659855207797,-1.20191349500654
"266",2.6192857884125,-0.560276603159187,-1.57520212419076,0.290007239320742,0.62893536751712,0.0835590644030872,1.71073544069886,-1.54468428714941
"267",-0.711783739725255,0.138414590642031,-0.744924441155295,-0.323830759753662,-0.143446392740153,-0.142712701828026,0.284698671996923,0.558736446642238
"268",2.57501662708238,0.426929223443335,1.94505134472871,0.752814093675106,0.978913441751947,-0.653456940712162,1.46732484255203,0.375195951661834
"269",-0.988503798914665,0.670858839261751,0.292072153538198,-0.0598318099145277,1.35902045515455,1.37179762664844,-0.679285310252613,0.687844126947978
"270",-0.313615755477169,-1.71360789488601,-0.424617622686703,-2.2339017457673,-0.711670510635296,-0.797519216548863,0.338294658194473,1.32588598976508
"271",1.10983818894579,-1.78502847889925,0.629006904404934,-0.278738763554001,0.368846291562821,-1.9444163214084,0.326554694836722,-0.874634571484882
"272",2.20883356975581,-1.67975857467705,-0.65952507305725,-3.24618799353955,1.20017803170349,-0.157680971517601,0.400740719669635,-0.37822134965181
"273",1.7947313281005,0.255037865279417,1.02148684033056,0.790186517295632,0.868959506996826,-2.22409970077682,1.13694353890166,-0.506839677032805
"274",-0.723153988511674,0.0167557140212079,-0.321994752861019,1.21576904973768,0.828457118033944,-0.14997277927175,-2.47586838471153,-0.116100792361029
"275",2.32495955163519,-0.913405354770716,-0.83877319866541,2.08428254580261,0.797211343066115,-0.0416304638509063,0.99606577381875,0.0315994014720115
"276",0.293951981388155,-0.486139358527089,-1.29151657394036,1.34624341080554,-0.66129456331666,0.673417958285666,-0.292096745351852,-0.472436771019613
"277",-0.41174732279983,-0.265417189369391,-1.49241593217048,-0.34176091885885,1.22229514425326,0.179149203182519,-1.92349609476139,0.837337716289395
"278",-0.174650971058282,-0.0679549107731332,0.0983780764604815,-0.31532439638646,0.541223185831567,1.80777499847416,1.53296304407544,1.75321104928414
"279",-1.81454751476081,0.500416799887965,0.166501476118912,-0.481716687295682,-0.626423832057412,0.327349306914073,-1.54626222872712,0.74186052418947
"280",-0.973416288013949,-1.8027057015762,1.23510364699586,1.52753567537425,0.235729603670756,-1.79614272064691,-0.138547352346746,0.637266709858904
"281",0.0881744516330722,1.29087191758322,0.81471130488304,0.0994662514365522,1.00261722989759,1.3575756507884,-1.54187064240494,0.112192044363682
"282",-0.347075026057731,0.0467496181585205,-0.230204368966544,-0.000358176966892276,-0.273433287247431,0.477286644877992,-1.23344228230544,0.913172817351322
"283",-3.70262660773165,0.654137218154927,0.388866490268072,0.702421843472259,0.967259986775264,-0.557174887820034,-2.39502539310715,1.32143215674199
"284",0.565758787378123,-0.107478783989814,-1.37061503627779,-0.845186849963943,-0.30282528547033,0.84293416813082,0.0783429411790562,0.00149407613607305
"285",0.939444971313515,1.23864765742743,-0.671594511303385,-0.0892358808372438,0.769731567089464,-0.521500251078662,-1.55219209180402,-1.52837136424723
"286",2.61366658748665,-0.106331748092289,0.436689248444744,-0.947772615385347,-0.339570286147626,0.809103003712258,-0.875165202288156,-0.957015057321129
"287",-3.05393799409902,-0.611743107719291,-0.252813126268272,0.188521467081233,-0.943187896140377,-1.55209158603343,-0.891415778422055,2.86567409254214
"288",2.74420522225953,0.690997969918614,1.02333634481635,1.46433526583054,1.42698959071426,0.13311788297244,-1.07055606767664,-0.60446235435505
"289",2.56642150586331,-0.245904151532599,-0.550762195609922,-0.353266405266438,-0.607543522025822,-0.296440823047971,0.778622045858418,-1.17862624461011
"290",1.84911194290511,-0.89661241136321,-1.28298059222618,-1.04959523381063,-1.40250074664357,0.590251909496788,0.159382882595989,-1.91136882065441
"291",-1.14292286803312,1.37375167891491,0.562450696888351,-1.7610843412521,-0.723891519716844,0.663949284035295,-2.28048646320726,-0.0564788657204908
"292",-1.63111562285994,-0.869861994251184,-1.6727495855388,2.72915078282794,0.81805207995025,-1.85975082180399,0.333952992879997,-0.279158226401691
"293",-0.26182892048924,-0.215005635536004,-0.171954326068942,-0.525254500215604,0.707532710779832,0.767442917941458,-0.0428527632969333,1.1537822095147
"294",-1.70875342299227,-0.81856341609666,-1.39244793740329,-1.28969729861822,0.656111509928281,0.329198035365433,-0.925238432969891,1.89494898009774
"295",-1.50184047271037,-0.177589265802967,-1.3060724680346,-0.168855316307575,-0.236130842041144,-0.422315186116151,-0.332237811388286,0.837156148900972
"296",0.693943809447145,0.192956775864788,0.616869221233927,-0.820503038983857,-1.60855793456311,1.516663042802,1.25173478840657,0.402256029948152
"297",3.09729312625359,1.60500565252748,-0.940568681939984,1.06806300552176,-1.58662131576629,1.12197637104598,2.1752529511761,-1.66441857767589
"298",-1.20317660181734,-0.808791932660932,0.475258317123166,-1.0357826876398,1.05909274731609,-0.0436318553721811,-1.58796224432585,0.154091396778578
"299",-1.16370192055078,0.155024518578172,-0.718749928011477,-0.246886784108554,-0.00489227022330244,0.175221723120753,-0.695057458743693,0.774446307002975
"300",-1.71930460348592,-0.543887730923822,-0.234295639458223,1.59909185495996,0.457290899100143,0.39195158214908,-0.634600711270202,-0.840767623226833
"301",-1.61079657126863,-0.235718453414627,1.88855679220542,-1.47940530881185,-0.0663076751034673,1.21100788128091,-0.701371191661507,-1.17591665579946
"302",-1.36344424028225,-1.40154769397706,0.416460603283908,-1.13073728804276,-0.407944372594878,-0.394344482251141,0.324760755981934,1.15560415362621
"303",0.422484391780648,-0.78682626298328,-0.45824555979675,-0.125671461298095,1.47409383321234,-1.43676494725805,0.950202645783971,1.30662415392818
"304",-0.0845780510036617,0.208112263324899,0.508700331515201,-0.875783171883143,-1.04503439348271,0.722676188412201,0.354163790384095,-0.683423692524414
"305",-0.977483820491742,0.306600598727707,-1.82742033961723,2.25172462504383,0.128891101222501,0.340538651465813,0.528465627674155,-0.900594934045413
"306",0.776970087343736,-0.301343683596799,0.112057109655188,-1.57073493192014,0.0384422097879675,0.725195496027462,-0.810304037458025,-0.72862204749267
"307",-0.312063497669237,-0.0807740118668672,-0.298235003946339,1.82882764182198,-0.633703425141636,-2.35416625235402,-0.360122417683054,0.221402759434107
"308",2.43328299188515,0.708101624676767,0.439601495791919,-0.323838292724632,1.07528759347444,0.69919638409575,-0.296411116778435,-2.93787185444835
"309",1.33658435285989,0.774216853149297,1.77682989717373,-0.544580281481085,-0.20455401016738,1.49510668341705,-0.470790467321668,-1.95032002701331
"310",-0.36392420559541,0.171425000462465,0.634155351594097,-0.344604203360471,-1.54021247860163,1.24455355156262,-1.50279138012142,-0.624280879190982
"311",-2.53254971796532,-0.748964395133875,-0.864919604545085,2.0646564455872,-0.533425866375903,-0.28533015968405,-1.2893261935656,1.90225143865575
"312",-1.53878653475178,-0.0338988517068811,-0.623854609485297,0.274594573364001,-1.89229780497848,-0.423264419185837,1.09317271505878,-0.361423696804588
"313",-2.01316967942706,1.22008795616912,1.60241667157187,2.62962216342238,0.275685934836895,0.0663964115304728,-1.02300008560752,1.16977296886897
"314",-0.59678177552973,-1.00450835642682,0.477486231264715,0.215751424045641,-0.160085652708453,-0.124601775094094,-1.33771525641649,-0.969132676495658
"315",0.60979127044696,-0.0924316237388708,-1.23829662210548,-2.54029533221767,-0.909679587410408,1.35795327116504,0.262241266575223,-0.533444819891502
"316",-0.772511212452783,1.70400401066442,-2.58524387073248,3.21188540037042,-0.842803711403228,0.103775600074517,-1.44965752286156,0.192625357906838
"317",0.777615814818141,0.980297800436763,-0.269570965372071,0.881878307621938,1.02404906620322,0.709449452477742,0.0316880876939239,-0.0944938686365003
"318",4.39293206943695,-0.171285091687626,-1.36338428051476,-0.483199732063949,0.577987421296943,1.19986144179867,2.09803016065204,-2.03024515291673
"319",0.569922918761398,-0.220662256298706,0.832417455074222,-0.301185733906125,0.0521954535560227,-2.26904605638728,0.198838976121538,-0.151226583421825
"320",1.61591775850571,-0.913565772425374,-0.190353131172257,-1.63018940115927,0.267642092697779,0.0423470589112089,0.836714997502813,-1.76878071139868
"321",-1.15367590402263,-0.0758452750499418,-1.38870910180147,-0.473223306045574,0.0822864313318412,1.83315558036595,-0.194400163761987,-0.103954162146732
"322",-2.31824201777643,-0.377314520223242,0.0278550695977267,-1.23873955643614,-0.402785167484952,-0.513714013287207,-1.68335701322358,1.35447197526044
"323",-2.58228954756162,0.54048445421246,1.34982966587777,-0.171249813369118,-1.64487574938206,0.366627789381566,-1.17769997034753,0.112860533153032
"324",2.19596371173022,2.11682407413573,1.7754452741033,2.51645491773792,1.79603599707212,-1.1477195848346,-0.379555873977294,-0.823481401780754
"325",-1.76326461859802,1.7634482931783,-0.237996228553346,-0.424158283262262,-0.875719306915452,2.23695718016902,-0.230085567610038,1.20245358732397
"326",-1.81966536201038,-0.792370205874829,0.0728849296279122,1.38732480519076,1.51380965983061,0.730596364385501,0.919821213328766,2.48122544411104
"327",0.862085914578423,0.312891383854316,1.01884541689298,0.264596552611901,1.63625831335757,-0.145723626785729,1.95879654590046,0.380264176421882
"328",0.138086790110505,0.238645829746624,-1.55660526940788,-1.22160338297075,-2.49904292937822,0.988288282756268,-0.443951476631281,-1.32994713897277
"329",-0.969578226005629,0.686194435452099,-2.97372669300312,-1.41666653057831,-0.211153049156233,1.30570371977875,-0.843760513073143,0.289300507204482
"330",2.19801676927683,0.377411715131548,0.266934820989204,1.45464157083836,-0.100763120726178,0.359412267189809,-0.238748272552948,-0.408429604559437
"331",-0.931331850826238,-2.38384068358519,-0.811774199381886,-0.452638813474451,-0.294577052547079,-1.60546780212023,-0.261891953883136,0.948836391524299
"332",2.86515796695857,-0.674855665615254,-1.40988126790778,0.471081634559095,1.14351008147072,-0.107998767767842,1.10951435247495,-1.8843960117491
"333",-3.8399896381029,0.197243626925359,-0.273216619863092,0.266033893328991,-0.0215456475853702,-0.527079220584153,-2.07537205058952,1.79850684659474
"334",-1.33725497847935,1.57264622091292,-0.21081600715814,-0.155007218577699,1.41355237058567,0.499611783427615,0.648713985962945,0.74306948090996
"335",0.934535688661277,-0.652941123695036,-0.232708370480946,0.0622443237810655,0.24586566520959,0.719762428845036,-1.39648895266117,0.478317445416287
"336",1.86849087353458,-0.490819616865386,-0.642460986899636,0.570871307648549,0.680104439238457,-1.55871360731859,0.131438858143571,-0.00918415681210166
"337",1.48956858278668,-0.609521571469713,1.51613377848043,-0.674381890242344,-0.561308825152455,0.0131705258657949,1.77760357732079,0.489095555246447
"338",1.61005915905438,0.423724617959883,0.510868525184007,0.429783669698481,2.17950553626326,0.368455133528012,-0.978821339984763,0.0717016545518196
"339",-1.83333650191185,-0.0672407474617699,-0.365769744197199,1.58429280973519,-2.24184457026334,-0.549268240935002,-1.81810797110029,0.764111155884257
"340",2.0926658548917,0.328195063454633,-0.552677934635694,0.176545365367345,1.42929144074732,2.039837475546,1.41904627754639,-1.29814401048564
"341",-2.95756375267988,0.259129799959254,0.945760115427903,1.0698894636043,-2.4162009153633,-1.32010421199565,-1.58321343259925,-0.441581344220909
"342",1.2754844628375,2.70173178918272,-0.663068119992203,0.705019321480016,-0.62489721870492,0.549596933459393,0.757615736378303,0.631285931437439
"343",1.6254651161423,0.0457877810093069,-0.18548026344243,1.61560673949416,0.0464833553768432,-0.912128644310911,0.423382270143821,0.0959348016175166
"344",-1.39896032435549,0.21664814197519,-1.19228882538014,-0.876777373920854,-1.2112202305605,1.19016989563475,0.106311225612702,0.878252932178898
"345",1.34061848747217,0.364025378372121,-0.595212934065323,-0.247390924063088,2.00311680199165,0.911353656036411,1.25664978854417,-0.0781416303030972
"346",0.0468837876693598,1.12918264255775,-0.0998488646436469,0.659279406621988,0.904502985923299,1.28589218640855,-0.173465091258979,0.123975601240971
"347",1.84901368436719,0.545362745511005,-0.136774078245094,-1.64065124472898,-0.00386331981917022,0.657793428218872,1.46645258719378,0.0916824310129592
"348",1.91114894449928,-1.61739370597025,-0.23136102473731,-0.968815885700141,0.0513734967503583,-0.299093333573048,1.61145496679269,-1.24536988637298
"349",-1.47964158549393,-0.874369751611759,0.0946873907875591,0.290717498111283,0.628899742382051,-0.593487674766646,1.04897921826816,1.05080999793549
"350",-0.666466823861752,0.239258810719815,-1.68789746102344,-2.44597857077194,0.125693447352121,1.339385288054,-1.99744651065763,0.261210264182695
"351",-0.193824648019063,0.629907257964136,-0.230611102811956,-2.83069600296441,0.402435363942077,0.125999529543087,-0.926938228435697,-0.542326812254975
"352",-0.033524314910752,-1.29823745431344,-0.199728134114346,-0.426897778489473,1.62929541153429,-0.770880814395604,-0.125961394836831,0.263799319379619
"353",-0.403736001155997,-0.354884403049379,-0.303371051863018,0.71347402865859,-0.922354774682573,0.910155890771043,0.860230484518221,1.66841507443086
"354",1.26278305084646,-0.181804297573959,0.050373925071227,-1.25710948504397,0.364295894847995,-0.718221585242755,0.194355349373126,-1.03042926361986
"355",-0.190774855209173,-0.409775776049038,-1.61878705730805,-0.321327670942286,-0.376764416157232,-0.0678023316453621,0.939728819577167,1.03107293102596
"356",0.256617992503848,-1.38572764466189,1.65274989852912,-2.36211876850206,0.856381844284839,0.560244155022252,0.204275103066238,-0.440416569056753
"357",-1.43121986023776,0.848777184178578,0.762563141228347,-0.326810943700367,1.56652267324311,0.891609060374871,-1.63668119258496,1.50675303805836
"358",-0.088596095902965,-3.36245057193965,0.244493102356186,-3.29161022266837,-1.04224515383716,-0.499158907209876,1.52930048313882,-0.522943864495709
"359",-1.87515459451546,0.493242746543455,-1.64971108227988,2.60674681573588,-0.241032722965685,-0.248315102122531,0.0441599623502168,1.27253535618322
"360",-0.109049394077767,1.43744113445146,-1.12969349270541,-1.29273932554646,0.747328009269768,1.78690659580261,-0.532957541130796,-1.124623354687
"361",-0.677560834984682,1.44638532008827,-1.05498753431897,2.48712000662285,-0.909622684451966,-0.149860661074343,1.06052188545364,0.267364572493262
"362",-3.50377307652844,1.0936066478916,0.437760247895266,1.61125458785187,-1.83397768002376,-1.12537505273859,-1.72651502186013,1.49328340248414
"363",0.622742785549673,0.446056676343519,-0.273116970487798,-2.56289270663722,-0.729931983633421,2.09762723089236,-0.427186780903071,0.0634562846828174
"364",2.27444946789742,-0.220844510914212,0.447970116947925,-0.482181872124042,0.377294996980688,0.265574933993708,1.72343611774228,-0.980196058181232
"365",-0.425340574372651,-0.14839380459124,-0.333493579957808,-0.363530143783621,0.990668473295254,-0.623209791077268,-0.494293429997615,1.00155267735976
"366",1.85183642066201,1.55194470075206,1.3575047630867,-0.632513845089297,-1.25438775129004,-1.07927477324947,1.66358923786012,-0.00605514955270464
"367",3.43685063836226,0.00221575023423354,-0.747561618091979,0.0552459336472458,0.943089580588057,-0.766453446686739,1.73387654280185,-1.30625840588027
"368",-0.293090284374505,-0.619460918604497,0.121113252059897,-0.681676461714126,-1.60498878758094,-0.0503345753573551,-0.672698509755051,0.10906064680069
"369",-0.607766570680803,-1.87930797391608,-0.753583674533757,-1.17415948039045,0.0150021065432724,-2.68745012952986,0.762359622606948,0.128366626315747
"370",0.453674159942707,1.56926313771013,1.3389600953262,-0.165904387448009,-0.633651754079121,1.64468302938177,-0.653725237413952,-0.583722148184515
"371",1.87229773189269,-0.893751318267414,0.259580760878045,0.512576081916801,0.286284080437579,-1.28681161845263,0.147424173766004,-0.166121424219548
"372",0.393809523769386,-0.933266866262607,0.152537470878204,-1.33973882480726,1.87670981532826,0.687968756842612,-0.163646519785458,-0.390914606543197
"373",-2.07601918351259,-1.16069346121241,-0.701172948526133,0.810142660717002,-1.23273734681491,-1.40247701206897,-1.09447695015626,0.51528986216818
"374",1.76512613181725,1.25786173885744,-1.02748496394812,3.53234428908385,1.61684397347781,0.594995467793636,1.46261248156703,0.73657132097774
"375",-2.00130036079746,0.151346378296523,1.38238490214411,0.579564944621005,1.05660429427854,0.586777585077467,-0.66644171539322,2.02894008408937
"376",-0.469247729688959,0.212934256625676,1.16123677488832,0.73878838179886,0.930558075050494,-0.114329807762317,1.84692054525787,0.778919602707067
"377",0.138250507854454,1.17247618845808,-0.653523846626041,1.14795944270351,1.26377980047595,-1.85970392023423,-1.36084986958068,-0.0440783929370991
"378",1.33589242524353,-0.649715051994431,-2.48507001156558,2.21041710665731,0.789773565606109,-1.75911372493828,0.13683387475829,-0.732192540339779
"379",0.468336235266166,-0.381450928871604,0.722310563876359,-0.858750827739922,0.681834289758109,-0.353491206881459,0.325686874654958,0.394718724178333
"380",0.855087502027203,0.543191029134505,1.47321187110593,2.60170752102648,0.325387257421474,0.688567497728228,-0.622731523270583,-0.159993998105201
"381",0.0151867596502242,0.448558594126747,0.572189840594685,-0.135763666585541,1.12915913386181,-0.443862032816961,0.142528537418698,1.26201255458593
"382",2.19047858042734,-0.679543774261306,0.939574590907806,0.312998878847967,1.83432773800627,-0.690910870716991,0.801291133738752,-0.603160811933758
"383",-0.504647771978269,-1.79948420336372,0.133330835830208,-0.220423414530444,0.284999636742368,-1.38151471628152,-0.227999188561878,-0.0789345900887334
"384",0.326511153823901,0.0299306091481892,-1.43642639207226,1.0667294742327,0.690963389587981,-0.593426473336383,0.12166316082657,1.44607540108122
"385",-0.341841789902883,-1.51729569264083,-0.0170820866676689,-1.2512144254249,1.68309670050289,-0.814760545593195,-0.657224327417847,0.704485389824356
"386",1.74884208258494,-1.03378001768383,-0.697696737898156,0.588807816084614,1.62276141512537,-1.19460496182167,0.979486570061241,-0.523302545551178
"387",0.208166548271184,-0.812116559078701,-1.52252406141649,0.343484484109435,-1.33669757157477,0.925397838530686,0.622912437136317,0.435960515910208
"388",-1.72412926841875,1.16335219251552,-1.08160710296156,2.2090520931879,-0.390584902515349,0.014492240497407,-1.6038972725029,1.48627791437934
"389",-1.58896578039816,0.099868928818263,1.08025082069609,1.47083618028359,1.41677593389144,0.568384059961268,-0.781316248918622,0.222741159493981
"390",2.86897948687913,-0.450560491850556,-0.473106797553184,1.15611445952599,0.145529700077592,-1.60165674476554,0.851182375308831,-2.82057738738146
"391",-2.13157705346138,0.822942482787943,-0.689635423289962,-1.31598871838296,-1.81369655607163,0.824625793221596,0.309946025362822,-0.21614665856317
"392",-0.0606265662941937,1.07956279680907,-0.0871007365119805,2.78477920566534,-0.752004958625364,0.250761496916565,-0.13620635317747,0.486501957427863
"393",-0.627209234297719,-0.867131475697206,-0.32983228050177,0.532197887744509,1.90343637695748,-1.29615281348712,0.617052657400302,1.05089554230538
"394",1.30047772063575,0.0601876240226534,1.19059083385312,-0.98462783436836,-1.40313906465687,0.839635838839781,0.956905615550986,0.0771261915266118
"395",-0.514272522338617,0.525765010268518,-1.75020520763268,-0.378543744152195,-1.71634001852256,0.385360203366009,-0.000738499655912623,-0.62526267980461
"396",-0.892574499085394,-0.284348673981003,0.0496380764269142,-0.127292702163833,0.905773124753003,0.462607618230144,-0.224806721272763,1.2407782375377
"397",-1.62414191827652,-0.697270472318271,0.331044903804497,0.190506835966315,-1.45337081205436,-0.634859052291519,0.780998659643449,0.262741992742265
"398",2.30051241434993,0.174447275497966,1.92135848248841,2.07497429429189,0.435270891868417,-0.280539816974106,1.3486960920007,1.94953649216666
"399",-1.88981221267977,1.3371831920477,0.411343537076381,0.323317032888096,1.2168848909776,0.575579974924094,-1.5186997749449,0.934053922290436
"400",2.05438332415359,0.836140751433449,-0.782423949103772,-0.486217509450816,-0.245549055172877,-0.952041798722748,0.724500212449696,-0.294409585593742
"401",0.558209825798778,-0.518301743319685,0.299890073258508,-0.145496197196935,-0.595328458223086,-0.261715469799055,-1.4252421507949,-0.299142514080024
"402",0.599006340059948,-0.524913980625475,-1.77923519431695,0.641941077520934,-0.0895635245743658,-1.99321801281842,-0.800768278787181,0.219133696032573
"403",-4.98239582307169,-0.87128178005227,0.910279695609923,-1.77969844722855,-0.765544210938442,0.548204585073848,-2.59304481918222,2.40982638153479
"404",-1.18073120125132,0.348151741431342,0.836912757720717,-0.295865025567265,-0.748074697077345,0.54376103264373,-0.151731230346561,-0.79433131802421
"405",-1.97677143283664,1.8602903434514,0.888381686120254,2.02694721915014,-1.2455160227411,0.215799196627618,-1.87466274888004,0.241706256624174
"406",-2.61456609637244,0.008206988758098,1.06340287912517,-1.55427069613186,-0.422132728827985,-0.265452557732109,-1.98039297424223,1.57848022031931
"407",2.00036079031125,-0.604308800762468,0.0847899659213427,0.727865608587907,0.635363846516971,-1.54799602567403,1.39572045410746,-1.17537681191047
"408",0.642394578104852,0.754420874405928,0.620981227341482,-2.93424736880813,-0.111466833768726,1.70229756807021,-1.19579143396432,-1.89616598944652
"409",0.0115249234794295,-0.798872170710215,-0.493005194077917,0.0933261695307935,1.16812855310923,-0.701853387342223,0.228853793396338,0.555577804126567
"410",1.02943690734145,-1.3742050549433,0.31075973134583,-0.0805826949053117,0.0948952120893101,-1.53933476070898,1.95374028722937,0.34922177186652
"411",1.75760633509827,-0.138595744270241,-0.43737840821308,-1.5790946056048,0.494518688394163,0.688249622607133,0.217792808305784,0.124672716506473
"412",-0.122646580607297,0.889857806403132,-0.844100973969475,-1.17151438166795,-2.12574862786634,0.869677386804541,-0.154502121159194,0.30768190600219
"413",-1.21962439931985,-0.279470694462506,-0.593424774727066,0.215155748676137,0.96757230314033,-0.416519752400829,0.151066292038304,1.1382214117119
"414",-1.59314573930042,1.36194657582869,1.13446424828018,0.654375638391325,-1.74122096533001,0.242339097337011,-1.32666803799144,0.0429014835522962
"415",1.04019554807397,-0.987331333489899,-1.19680606302288,-0.23067165689929,-0.224084872781932,-0.995604852782948,0.47104924588512,0.460244480826098
"416",0.853240275383983,-0.744030632111481,0.80899149594683,-1.14695462514335,-1.31485196562805,0.38591642030646,1.65670227411249,0.713715676430134
"417",1.0878503154165,1.0970471145541,0.473647819510952,0.115069843856963,-0.219333238974594,1.58019305988327,1.26144056370719,1.24829099734216
"418",0.684816433851222,0.220917723007272,0.762271497313712,1.21444287972647,0.0332531230971162,-1.39134522432082,2.03111869424418,0.948863188288249
"419",1.16623982141661,-0.247023548054431,0.567857075763485,-0.587746958666674,0.681929283344457,-0.413955448803208,0.742859755523044,-1.0172566758167
"420",-2.04735301591823,-1.08639393409188,0.469241205166235,1.16656926313636,-1.49323942910746,-0.734016720741201,-1.81428634680516,0.504138347171452
"421",1.70596688225075,-0.505043313785453,0.690973284859368,1.31204459760308,2.10813453334964,-0.706838174892092,0.655389084854905,-0.439204276965069
"422",0.0582565001323291,-0.268723528802442,0.0694604297835476,0.57580174103426,1.24022313071161,-0.531676471300185,0.363026860570903,-0.472670730100367
"423",0.226818724816238,0.792267858430193,1.03117348266497,0.236019130638992,-0.2519599996053,0.266382103634546,-0.317028567762808,-1.62965968009816
"424",-0.795653094021711,0.679569899033349,-0.798845911155543,-0.912210534948309,1.30094831778668,0.663191105463423,-0.32885272138677,-0.981192463987326
"425",2.53321952600263,2.38520003398983,1.70866568701992,3.51792731670281,0.151920138339557,1.14228465721179,0.0324825741156556,-0.988191376466777
"426",3.34040419333728,0.523800416918116,-0.699625909847092,0.346262438873904,1.52717452846757,0.704040032737795,2.69346682305037,-1.93071207372228
"427",-1.3892330202801,-2.29127572830193,0.504999490979738,-1.74782609121326,0.343289436236692,-1.20914616460804,-1.21928921147981,-0.490998590870704
"428",-1.83572904827513,-0.82664959042462,-0.162520138436311,-0.939362029092766,0.040363474802813,-1.30584524819869,-1.5334241298725,1.15931396546799
"429",-0.370099002260539,-0.698029565273206,0.595316629513547,-0.796401198367525,-0.688380376558383,0.266234109609243,-0.283693070610692,-0.971410609828477
"430",-0.690881143732618,2.54925046964168,-1.11958437940848,1.21137042526811,0.140240046652205,1.47763023195955,0.282618314489049,0.96179213795456
"431",-0.00779060455695859,-1.66124133390909,0.356132089952333,0.518094309653081,-0.260255260436685,-1.75332101056681,0.355355110665884,-0.448720288194374
"432",1.65563519557218,-0.0567807748041599,0.36615488963408,-3.08954924450052,-0.0488338331176638,0.851571872468218,0.512230277162245,-0.956620503112133
"433",0.434810253183118,-0.66557194797245,0.027402666305027,0.274415995920841,-3.20322415951382,0.00607391835350723,1.90838327184991,-0.219617606010187
"434",0.334326713623789,0.610517023706733,-0.973574853151909,0.794841769743819,-1.76428507295635,0.383983375204738,0.194040227978362,1.5369626959987
"435",-1.83590811422403,-1.18208073469788,0.815524785195813,-1.27988137055581,-0.0532024442528782,0.528567594516824,-0.856915941781574,0.268721736948876
"436",-3.19821983989509,0.351617354467022,0.939308168318294,-0.456996503821985,-0.262379910246971,0.842915202670614,-1.13609431676548,1.51903988611265
"437",0.490715132312255,0.192111499417836,-1.24266462724699,-2.22436731124736,-0.31597735807346,1.49242777921432,-0.392156629093203,1.36580856192626
"438",-0.345743311942649,0.802447739006756,-0.153142747230216,-0.494749692890868,-0.117938319662536,2.90702319490582,0.959104773365982,0.288101239473465
"439",-1.43488202239578,1.77583200533802,-0.317822440266917,1.80563497449227,1.35562509554513,1.19169195199421,0.270047711709516,0.470432996203781
"440",-0.693451270207722,-1.33088890694024,-0.660208289559021,-0.497720729398557,-0.381744861245168,-0.661283774146983,-0.231302340715668,-0.359645388320319
"441",1.98760227404181,-1.37046345832993,0.0940530439113493,-2.27149650240253,1.688400918001,-0.838602220631142,0.390107895033615,0.70952287186909
"442",0.85877778227556,-1.76912616336059,-0.874291320499983,-1.13155422553427,-0.192857382583809,-0.3058626192128,0.382715055359621,0.711380848298664
"443",-1.74810688191369,0.147139761405825,-0.472690976433493,0.675168571615814,-0.581295764091521,-0.363914674867965,-0.0322925261092943,1.23434362068399
"444",2.26626494877219,0.979820920131895,-0.818700835130849,1.20120771636964,1.71187725157718,-0.358531513292784,1.82316732691102,-0.505355662634656
"445",-1.51955930532027,0.252324172949946,-0.790980713795543,1.50919064675956,-0.340812187217518,0.129678654499946,0.0607048602268775,0.591558816178135
"446",0.0674574421344128,0.547925247955013,-0.0480145440354034,-0.535546464044515,-0.889294152364692,-0.299466813197435,0.307388351307499,0.118519209183713
"447",1.15894234360612,1.39450325917635,-0.0416587725156987,-0.262551594425621,0.170210091937537,0.189298137490883,0.77950284444062,-0.605311584494358
"448",-1.07767297798809,-0.0195879453429658,-0.427204626263417,-1.62081404486879,1.19027674991599,1.05693291494892,-1.8255885115158,0.918566859564905
"449",4.14555078580427,0.231170890065265,-0.521443640804608,-0.506281881527493,0.975235886725862,0.684216592739747,0.886074720589359,-2.9167169551573
"450",0.781012174425427,-0.0258605180543554,-0.231113870526472,0.00967281288753128,0.300013450706062,-0.132880259661738,0.871789365070564,1.05582329540086
"451",0.932010527876486,0.892999702432239,-1.0265027322931,0.858318549642917,-0.0250935832001836,-0.439810474498724,1.6185228239925,0.272643328205369
"452",-1.12574686918381,1.29436742193485,-0.214337219239501,0.940312103547331,-0.36456152782664,-0.533185299208942,0.920932730306727,0.9012286941371
"453",-2.20760821646322,0.909873470822716,0.175753981956653,-1.49261941557148,-2.03635815234383,2.33815910991187,-0.973439103821081,0.750002743001378
"454",-2.23663803034026,-0.665886485216792,-0.697021788605323,0.0664636912128985,-1.4069975056594,0.436141314658019,0.144785161373109,1.46914534381052
"455",-0.020974580372102,-0.851525906875382,-0.497722238778585,-2.0390101785809,-0.716893499235164,0.881371066552562,1.32724711061638,0.137646642435814
"456",-0.051313181921217,-0.625128789680825,0.25410708093455,0.125613367345129,-0.820775695797099,-0.724942147796861,-0.656213565795897,1.55184424577216
"457",-2.58415115027774,-0.51305841147687,-0.0586918249683061,-0.388550058296661,-1.54490179758575,0.212339131159263,-3.69134355523942,-0.940231371435528
"458",-0.64912876341878,1.16299420612633,-0.619342670908674,1.506449604124,0.454372543340194,0.90901751194989,-0.210740066111122,1.84788590533612
"459",1.08415860707509,-1.16033235732058,0.343846568538662,-1.93179324844981,0.768884701270662,1.26750802357017,0.00198432808532355,-1.30801266407592
"460",0.630967948724473,1.12289234868127,-0.220383826282976,3.37123807214598,-0.0514852121835054,-0.849443796791082,-0.865554077042094,-2.32813709183968
"461",0.285038242717666,-0.485211998502597,0.328911396936414,-0.839459176763645,0.530216425409856,-0.501177576635216,0.205890299144389,-1.24920327959067
"462",2.78356710267574,0.977601450489148,1.01804456671822,-1.14212823589255,0.718859919631377,0.125985762677965,1.34232866447261,-2.22716466322799
"463",-0.55948932760942,-2.04637980243716,-1.37818028492707,0.252346022254325,1.03726401246878,-2.29178004201927,-1.66640374923196,1.41249612182482
"464",-1.20063375689299,-0.809112303081472,-0.268711598514947,-0.0415442967959548,0.459602609192086,0.771819063185606,-0.917746274025553,-0.469156685705836
"465",-0.423871965049196,0.512288390058857,-0.341664557905981,0.494606797462911,0.120850481185088,-0.393819041038122,-0.910439432842813,0.283604992700023
"466",1.04381681730591,0.48997365927594,-1.77531476294375,0.69228744175261,0.666450290342497,-0.532370676830764,-0.383699966106353,-0.396134848399951
"467",-0.406846296236951,2.08601063043201,0.0911173971220286,-0.0299022029244675,0.157264065574339,0.358070025965368,0.719288771422752,0.555361694621353
"468",-0.424546794103308,2.05662306009997,-0.498712829890939,2.03268148331355,-0.0826211193020198,0.364113697492358,1.59491422051207,0.408525455633253
"469",0.828420782409541,1.04109418716252,0.686998546344617,1.34358037551425,-0.0332200888734228,0.713389959766463,0.252317806629513,-1.28758936239822
"470",2.75464911976103,0.686165547871123,-0.214866570376782,-0.427467669900593,0.70668695970757,-1.18729589404064,0.645927085780768,-0.597628836144427
"471",-0.761488157037167,-2.38847498372481,1.54441164066828,-0.969828362233408,-1.68249361068591,-1.76494504375199,-0.177650677505954,0.0125739107784735
"472",-0.923176580544304,-1.94986501621545,0.697888451957869,-0.0182986167575549,-1.13720140548048,-0.969304789360071,-1.50862713534489,1.08510147921254
"473",-1.96426848065862,-1.49170317944026,-1.8146155386534,-1.35262664099147,-0.171277465560405,-1.74253735507872,0.867511685493006,-0.267580015861277
"474",-0.855494458535154,-0.17012864969742,0.0420851740046935,3.5713404473261,-1.1234661748427,-0.451257550405791,-0.909129548450033,1.84166675966954
"475",0.385882374815838,2.60253722167432,-0.203592967842665,0.882152585452681,0.518627605597595,1.43638221415796,1.06011301318566,0.264160662052802
"476",1.71784729603412,1.32279625209941,0.896895314486572,0.210324696082845,-0.213779468088727,0.0767571986774935,2.44226530966944,0.00469321683939201
"477",-2.21443827519959,-0.447173277555849,-0.205654533691261,0.938237671195357,-0.893819563336869,0.53880627720094,-0.793427803664102,0.566854370082748
"478",-2.32874420122054,0.427719910435704,-0.920294963136387,0.274032031426101,-1.49676189401086,0.437440760048217,-0.811448145347223,0.78627508542716
"479",-1.26495027967096,0.226507704376646,-0.904210949804156,0.900588042163434,0.660013960926018,0.411105676610678,-0.0835516406207925,1.8058509684792
"480",-0.542290360412065,1.92391171250152,0.379858405965547,2.71715797661277,-0.443789383803698,-1.43743585051178,-0.310282906308164,-0.105832304860563
"481",1.4680415381172,0.502690859922322,0.150569608422872,-0.274862506412316,-0.357335226944298,-0.322925999516388,-0.603102425568176,-1.03430378157429
"482",0.141544155787132,0.744154774011938,2.65120319738152,-1.58457524031474,0.892183588876546,1.24576567900545,-0.968788610190869,0.368936554785385
"483",0.177484081054607,2.78713023256874,1.26683606071752,1.01083810560594,-1.03409667930473,0.0330945266444281,-0.622146408023102,-0.0748041412974554
"484",0.843102423634807,-0.103495831886297,1.56031985802929,1.02401703994033,1.11220704342779,-0.0901691039567078,-1.43968307725555,-0.411769977925108
"485",-1.13484911911958,1.09429976535824,0.0437997468894943,-0.908974944839914,-1.22124150756039,0.984056770592129,-0.0360033061824701,-0.166532379938248
"486",0.96784112957358,-1.11841920224165,0.395378951201259,1.32394241470231,0.0599450004393497,-1.12402157258554,1.1324792457033,-0.518775947053707
"487",0.586898422642575,-0.563548818070281,-1.29548415036165,0.759912988055611,-0.262135266041798,0.0367234666176235,0.0399715521326334,0.592103053825021
"488",-0.0790791859916185,0.534873644987703,-0.3963348474978,-1.15790594816178,0.387088304976677,0.74496108925807,-0.462433665832509,-0.9279510897706
"489",0.334166829205531,0.0715373984059869,0.482415505633061,-0.019152557984527,-0.0838582857330785,-0.61713286785445,-0.944491052229947,0.608729229661441
"490",-1.78243225737234,1.49611942350167,0.263615156691779,-0.628911523499529,-2.01193320321973,0.115190138090618,-0.187158517470204,0.256148339483102
"491",1.86464804936563,-2.17355849330539,0.337515720541315,-1.68452252550815,-1.1898317336234,-0.150158674408507,0.587364586363348,-2.64527664776388
"492",-0.776100169811929,-0.195477847422723,-1.19635072387619,0.867409634637244,-0.124518346357357,0.196102865362991,-0.0847571118739665,0.437966375141555
"493",-0.620106640126622,0.860616498394476,-1.01810323142016,0.852539907086907,-0.540878481859656,-1.16314498906434,-0.298746098414986,0.16763105476904
"494",-3.15896796945955,1.76397144824416,-1.67086069959841,1.27566041014033,0.0791096127562373,0.281860520563287,-1.2091692966796,1.40934941839744
"495",0.771427708477934,-0.36441128880851,-0.0737686019507145,0.733420953550884,-0.454846923266874,-1.63972003436433,0.74886278408858,-0.578898703893938
"496",-0.107562678519003,0.56363701690784,-0.744437785432921,-0.3115866660167,0.0748923872490764,1.32927812490829,-2.35296491266365,-0.289707244818016
"497",-0.616335897550141,-0.714871665405518,0.130338356351713,-2.1761508581877,0.370157506257349,0.802726705194217,-0.384003292150204,0.308086018852228
"498",-0.427077451340761,-1.09643400804991,-0.986040904235484,-1.0966895814498,0.354634360694924,1.09801146748674,-0.205456490864333,-0.593495766792182
"499",-0.26786927802386,1.13092134431006,1.80157195668728,0.0903109890785465,0.499471095471633,0.96028166630101,0.47123485334023,0.954935997621899
"500",-1.30689327526273,1.10477361815917,-0.67877255418976,1.82795221031648,0.972384591985633,-0.612260469580505,0.0522707922175755,0.676216886868871
"501",-0.8052987860091,0.529605980650813,-0.408348670765076,-0.719530734210471,-1.58232663355264,-0.250101780969742,-1.63774497976814,-0.931804359891052
"502",-0.0506409243481142,-0.465563657437419,0.872377949630326,-1.20874295907196,-0.265895527598614,1.44364363899543,-1.98783880876181,0.657060379554853
"503",0.0545668902688628,0.52004642093938,-0.262249372712498,-0.260458126031909,-0.488221409501072,0.0767255545897407,0.585398853531015,-2.38462780546989
"504",1.34657759704178,0.284943209386318,-0.577937789218786,-0.210047847709798,-0.000633513098008399,1.75326358425225,1.75246576896257,-0.800894978767367
"505",0.179818351798226,0.704864477714743,0.93475444094,-1.08728363002015,-0.39906416387209,1.8635979194497,-0.359183410064766,0.0849097367913378
"506",1.67847893197444,1.3525987145782,0.701593303785047,2.81177276766069,0.186626190162207,-0.628355399769939,1.17595886648336,-0.132684362682013
"507",1.23198973667315,0.718497265829708,-1.10290944282672,-4.32777107320035,-0.743843021503316,2.73820080796426,2.56739314590678,-1.08534187554723
"508",3.04672393355425,1.28018092486772,-1.35513962422123,-0.741225375357841,-2.55670137137791,0.836764031363959,2.89103528998962,-2.20660004681961
"509",1.02459005298206,0.321566323653774,-1.15373785629996,1.03689665719379,-0.709370383293008,-1.35256782539547,0.783332780380539,0.153789143350364
"510",-1.32723739298013,1.52420912253894,2.00624839599044,0.189107274733734,0.136016569795397,1.72350460444654,-1.49828916162914,0.0325447762286677
"511",-0.88835972632701,-1.26990935896341,-0.860622191218387,-0.900472117170549,1.67528705822718,-1.19466721509309,-0.105206172252085,0.665598427459186
"512",-1.56958197294124,-0.154101573268165,0.832054600879681,0.93792135457344,-0.341309288532861,-0.933274939016611,0.75189476220153,1.26661817483546
"513",-1.31948949433514,1.21867102067385,0.533285741224893,1.32935540823968,-0.470249540741221,0.381420239100532,-0.684948507681003,0.257008812367747
"514",2.93727307897454,-1.12186384079801,-0.0188780809836442,1.20150883860172,0.629948830975406,-2.56969277814953,1.36942703903177,-0.51285586770544
"515",-1.2083137567717,0.98848619855896,-0.728948721061287,1.34837559181881,0.194700471807701,1.22560741341506,-0.129277895375336,1.36480853831501
"516",2.25777640003703,0.265206853621804,1.17192636342242,-1.54269436783585,1.18735829845346,0.603943673051607,0.684074377170902,-1.04258519731475
"517",-2.46331151384573,-1.00014210605039,1.10116329546832,0.345549606402527,-0.878254609276893,-1.92082714931296,-0.0140449115473943,-0.315977169687715
"518",1.26394381856303,1.46705500215397,-0.30249847906077,-0.168781254004812,0.478327050975357,0.686676227797151,0.910247719756439,-1.5815665732357
"519",2.30309820686659,0.2722557659626,0.613762135778777,-0.53544995121983,0.238115162045312,1.03396837478979,1.29715352508766,-0.163432326726146
"520",0.066185601006488,1.2681284091547,-0.194769835066901,-0.12939363112928,-1.34585783311692,3.27277134433603,-0.0711354136655225,0.272765340350428
"521",2.58793683120976,-0.870604019969839,-1.88178068162289,-0.708681795901862,-0.638229633780687,0.259595872258024,3.27023606666624,-0.657424922814398
"522",-0.532033062642886,0.846898461534914,-0.422800500413557,-2.76985884302883,0.677023652993788,2.06171815060704,-0.583117838848706,0.885688011477036
"523",1.0954553676145,-1.38701177725202,0.0163353245615953,0.324918380436478,3.56706793257036,0.0311939205995961,-2.71352074513686,-0.0087783469110991
"524",-2.50526048463696,0.320362091831876,0.743944361211453,0.825118719626879,0.939601939733819,0.520432958172711,-1.37929110527077,2.78354114704012
"525",0.69837541068349,-0.318418861693503,-2.0159794839304,0.370910668623116,0.396770562773284,-0.573061673726548,-0.188749870874864,0.373824112688081
"526",1.04006380059184,1.65726705501184,0.4821633799417,2.06702141802707,0.23327387220336,0.191395671798913,1.78559784367884,-0.709447489822423
"527",-1.17752212347307,-1.9621448605828,0.187594760583874,-1.27382737787204,-1.72286571260974,-1.25655896311908,-0.426603597712045,1.60969897416939
"528",-2.93489917933861,0.318801102491019,0.954179783303096,-0.92336309308113,-0.515129343226814,0.550463642590064,-0.17233757416232,1.72257057854372
"529",-1.72177389826254,1.12738917710617,0.645363170563867,-0.593789323675783,-1.57429227985068,1.4875619689552,-1.26270692502177,-1.09931435808885
"530",3.00912153534951,0.871706285470401,0.250460342028458,-0.737965095073635,-0.0292399634711493,1.53633310869824,2.19823163260084,-1.97694581442996
"531",0.34695629713234,0.537827639274931,-0.35421445977255,-1.45186568931884,0.266014401696148,0.283476153164226,-0.262585585081891,-0.656060002232229
"532",-0.681337735765944,0.104960117245555,0.384860043267307,-1.49133395551368,2.08230378859195,-0.917143833526274,0.489551667145937,0.147424300712977
"533",-1.38665348707589,-1.4039877332863,0.260155642026645,0.296951890043127,-0.483680491274053,-0.26585066977003,-0.304223470340203,0.809131472785991
"534",-0.458846680954472,-0.301717365394424,-0.269200311759602,-0.903766206713206,0.790378944952001,-0.728878580753592,-1.54026791175515,0.878425800200977
"535",-1.98044479567578,-0.0502943813622232,-0.910137028307851,-1.21411674396931,-0.406503377608294,1.0141231549297,-1.07560208556096,1.21540931172875
"536",-2.05890000396585,-1.70596549210458,-0.433273126176161,0.307642404003276,-0.247955734101736,-1.30376890458083,-0.934740083404911,1.46075791281683
"537",-0.583652049882369,1.23229269873942,-0.386867724831519,-1.27149487660854,0.13923629816014,2.41016749562321,0.446395157070614,0.962974483852094
"538",1.29353729371261,1.30279182321827,0.533010186153142,-0.619349375108797,1.43291499409535,0.569479573688509,0.171841211759109,-0.336143344618652
"539",-0.0732442593672292,-0.954663937584514,-1.54934296107309,-0.69154649944785,-0.689377667923023,0.647351662043485,0.172225634666024,-1.58265435023008
"540",1.3300135729871,1.22464512148256,-1.48276240833676,-0.0931892360586424,0.399723637066779,1.32894694317876,0.525743364294799,-0.183519367200579
"541",-0.98461587715064,1.47130025885371,0.372845054218923,2.21189781535595,-1.07514721565561,-0.0954879704894427,-0.118920911129282,0.381598230658422
"542",2.31651004399332,-0.285788994186636,0.448179219794866,-2.37770247323687,-1.40955543673491,0.858231149252711,0.573619827197317,-0.646443927084455
"543",-2.65634521551727,-2.48010688040265,-0.448246959168698,-1.07571531605239,-0.771120139533882,-0.827909842483991,0.667343290173325,0.798526494044686
"544",0.0586609927021339,-1.24345429893984,-0.0472948694279193,-1.08076588982748,0.556228998552689,-0.11885457749088,0.193600231822138,-0.646175838730379
"545",2.24111592319828,-0.333875597683355,-1.30044466012842,-1.18958708375143,-0.894395571723007,-0.0901899124132548,-0.818525818203836,-0.842741314093714
"546",1.36010275330223,0.127041541634786,-1.28117486177115,-0.491025519559082,0.404463168312962,0.0539324521055665,0.496611981994689,-1.67492485231771
"547",-0.490139773869133,0.115437423120102,1.13088642063365,0.52995245999088,-0.829596868141926,1.164347795516,-0.073095363089885,-0.226546166605286
"548",1.83007392223405,-0.36318098509939,0.701461623689126,0.517979085066994,0.842020948093716,-0.412533345098147,0.989302488364355,-0.964631072575639
"549",-0.920693728118178,0.896519195309051,-0.986917331660341,-0.191861964921293,1.18461173507506,0.9375836791976,-1.70149624143233,-0.553950558919257
"550",-1.2225349677568,-1.02234029260126,0.192788431409847,-0.23379887185595,-0.770059951059038,0.39900471675688,0.265430159202592,1.04667994114289
"551",-3.05934079139879,-0.092479345489868,1.38673192193054,-0.105756478276536,0.439251562286926,-1.50237354103701,-1.50896526119399,1.24477094566321
"552",-0.772168439943974,-1.19259024683504,-1.3882747875413,-0.497153791099543,-0.0630197364278655,-1.33465251366328,-0.715314781146013,-0.244476716259588
"553",0.535883587634733,-0.159072267111041,-0.567252727289693,-0.970099541932675,-0.265361608212288,1.2578341740174,0.819101172128724,0.0877205332460025
"554",-0.488561887584519,-0.363498420719313,-0.807470630898473,0.511032592781202,-0.879803653082126,-0.217188568791263,-0.00028862293619475,-0.286020862463298
"555",0.954094937645294,0.0389291028939125,0.0408135357265268,-2.78051401523105,-1.13340894466173,1.65378254481213,-1.78953006502384,-0.0391918111262878
"556",-0.51789020574549,1.32044419618555,-0.0900197486855782,0.892551856732063,-0.356831609140121,-0.682855622162848,-0.994939835028181,-0.699583133862798
"557",-3.02513385843888,-1.7296870855067,-0.355292502088078,-2.9994225708793,1.01171567189236,0.438930449068742,-1.48279930500968,0.447695327146943
"558",0.680489865130767,-1.49131138535005,-0.759175865645752,-0.972144032409111,-1.52410481033991,-1.51903929620443,1.97626395339522,0.0202822753943102
"559",-3.76526638584067,1.36744513460919,1.61382908994394,-1.53933370596035,-1.0699071096179,1.36332172646891,-1.58630988987395,0.303446029980196
"560",-0.587450631175766,-0.191410470751203,-0.12073975684375,-1.33516567830175,0.923999923332888,1.62506829223181,-0.794566049977478,-1.39923735418414
"561",1.80637377204716,1.27505126417771,-1.51749450170462,3.37247052038075,-0.170480628968509,-0.354154054045597,0.235326554471755,-0.575454565564582
"562",-0.641721255245071,-1.35995649957358,-1.03432026435573,-0.767547269180625,-0.677222706608509,-0.571751696920566,-0.681308728150302,-1.04549831119395
"563",0.397210415694403,-0.832043654379769,-0.243661460661452,0.241235800523488,-0.437214623732552,0.147520148261874,0.688938647736536,-1.75056164079981
"564",-2.39667704246959,0.863833138654938,-0.641481535590861,-0.318946301275609,-0.67700654239859,2.71976972657517,-2.14801616039346,0.171478824798872
"565",-0.665306983058985,-0.999453959292498,-0.401529631422452,-2.27599145198859,-0.862464234694496,-0.135679837622405,-0.263984075063032,-0.682642814339293
"566",-0.890904217331894,-0.0379899802374128,-3.17282371908895,-0.879525570347206,-0.115420325207617,-1.94408582508658,0.15610868489518,-0.388392576295566
"567",-1.11875861646027,-1.74729690305837,-0.73460059878966,0.11770557842727,1.27966444704098,-1.00510206940377,-0.539953913596059,-0.0150105227835188
"568",-1.36063415332672,0.115990084615967,0.0626779074690011,-0.409906474203647,0.195343076228187,0.620198425499339,-1.11489739459243,0.476258493730407
"569",1.2042884835058,-0.743916844261035,1.23010876179273,0.00744130681729431,0.232480149097515,-0.964957938011613,1.22641097050042,-0.00144029905496751
"570",1.14560888445025,-1.05232728111546,-1.41854887024448,0.305207589954503,0.51167016775442,-1.45055032155487,0.512612082166854,-0.119987428064313
"571",-1.70538340013118,0.393381331601483,-0.632260847134487,1.35730578718169,-0.225275294394977,-0.0817213153100133,-0.744700461604159,1.29588753587762
"572",-2.83115917103757,0.361780622099566,-0.389345551555178,-0.0517733765903026,-1.38869847898697,0.761874800878552,-1.9375500581035,2.115806885859
"573",1.06409133819652,-0.529738711464386,-0.0681877315703667,1.83236758605512,-1.32963762643519,-0.966864330575271,0.543825444795318,-0.998459560305431
"574",1.01875309517779,1.67280510784733,0.0689608171602328,1.05602035268835,0.390854880056832,1.73135763361659,-0.184456852863111,0.208735082850219
"575",-2.16445143398799,-1.08837218934661,1.52542330445421,-0.678278402328557,-0.509417379640631,-1.4098469398923,-1.26237467191388,0.850746062726108
"576",-2.70904948129604,-1.37636549557056,-0.0705942714556282,0.210210227560284,0.443921119933724,-1.06997911918548,-1.24321452819124,0.620855730077021
"577",0.272329555460121,-1.28252019252525,-0.861400903611877,-1.14454661194713,-0.816015495258445,0.137713922100541,0.401310013236782,-0.686141864239191
"578",-1.53403004638749,1.98628511907804,-0.843610648538121,1.67821581764378,0.463535568065452,2.24984364438272,-0.811830967692636,0.863968927189672
"579",-1.41887553747491,-0.470767439210307,1.4020024493213,-2.68885617309899,-0.714446458780736,1.3287613452298,-0.520584295683766,0.639111637919548
"580",-0.20377813875909,-1.08540083919275,1.03013797227487,-1.86963313195271,-1.00981925238676,-1.08017829566388,-0.787095936929944,1.15849590967908
"581",0.969146396408524,1.03915755330875,-0.289511959283706,0.918512624310523,-0.357918078314608,1.0769304384741,0.863318447251407,-0.962179399460428
"582",-3.1523849561581,0.256290747435269,0.349810480108189,-0.899855777714019,-0.836662716436972,0.626908184132606,-1.76454673602317,1.57553443962073
"583",-1.26590497095084,-0.379775138843752,-0.63955726818692,-0.797743728109457,2.18830126492573,0.409336023218367,-2.33459201408243,-0.614798226066967
"584",0.39508547308329,0.0929854343998505,0.538140051796477,-0.401993730846507,-0.951352298120781,0.470002552281208,-0.709122003467317,-1.4742289151046
"585",2.91802516779997,0.412404698347247,1.18433920091337,0.244841166557893,0.747543011393086,0.659627356159991,1.05319621280342,-0.18874664936256
"586",-0.465539029080714,0.872830798171503,0.738359710358662,0.72953798561701,-0.829146896322448,-0.346115817316502,0.121790564150876,0.421713131265031
"587",-3.47536449307911,-1.06693429172625,0.397758571888516,-0.372381210746874,0.677601643735705,-0.0466058082370213,-0.950930129264943,1.41860964049744
"588",2.69100493076328,1.09885995037775,-1.59587013782756,0.880542049630791,1.77509968276466,-0.60160100036869,0.535134974023883,-1.46549980370977
"589",-0.0320212321431744,0.0463642333005861,-0.581106215407822,-0.479333146522731,-0.524775431404112,1.22612458073589,-0.970848202095078,-0.367461498164241
"590",0.340644447802653,-1.577420559094,-0.387162660689033,-1.55013593499457,-0.449996943912255,-0.0959398433179154,0.282720168532841,0.786831860293034
"591",-1.60103222063094,-0.506052621721892,0.587159966198321,1.05157429272995,1.25231848810218,-0.430504240661285,-2.86027986990911,0.54394745363589
"592",0.177873171583063,0.11920190248669,0.860529758382987,0.994562356353475,-0.934418803065578,-1.72309797350113,0.12300434245361,-1.40746573682181
"593",2.56379704433961,-0.015422108279162,-0.814857994552056,1.45657495419585,0.28977261542758,-0.389365621516525,1.88683254921504,-1.26985725483679
"594",0.986361839565738,-0.495924622825773,0.649386499856136,1.16577977230916,-0.366416574001363,-0.626016383210491,-0.547389146757404,-0.756819952019966
"595",-0.379250631799399,-0.0127864158225643,-1.26733337338714,-0.733904508283812,-0.168166878530273,0.476400844779653,-0.998410776241969,0.170995650198389
"596",-0.712903062533248,-0.189207764928363,-1.2711448647793,-1.0781825188623,1.23501150136096,0.0156027579750109,1.1069478204872,1.67629822565808
"597",-0.964445538197982,-0.878047831600857,0.244790723720363,-2.71720366886435,-1.72212966293421,1.48835314165842,1.29735459805718,0.999290178028796
"598",-0.123955666280054,0.66267071669751,1.56290041975032,-1.15983671737781,-2.0043621360197,1.85990828333124,-0.0597987956498966,0.143992520075255
"599",0.0241532161384114,-0.598592670282645,1.49960904142886,-1.35868586241773,-1.7271645790968,0.318443110279637,-0.797427089689273,-0.103628140054936
"600",-0.14360779756292,-0.208959910487889,-0.60667002671975,1.9023118006578,0.498101793334791,-1.49353618395456,1.62097295081975,0.614304358371419
"601",0.879001962184484,0.94235794815313,0.161841083601236,0.714124402890115,-0.118438859108612,-0.0161219577674715,-0.387210247996197,0.186327702740493
"602",-0.118489903326505,0.923172773188358,-0.839656703779303,1.21724006855383,-0.036273069506644,0.0293425891089868,1.42712961734403,-0.903811108249929
"603",0.303465600425099,-0.315924208904506,0.366375168921552,0.00316312481666523,-0.848341744749346,-0.336348385238109,0.789414266986016,0.0916990104709273
"604",-1.84259018842845,0.546281034480189,1.42272167300426,-0.0866441509323482,-0.3397817295453,0.324881917324572,-1.49086519946059,-0.16976463619842
"605",2.56513028357112,0.519787298154462,-1.49200947015778,-0.828449316405749,0.362370908669454,1.51869190698423,1.03612401156524,-0.482385723716144
"606",2.84793860610846,0.893502982840901,-1.23624031105009,1.28386051963147,0.985047743149949,-0.0667582918595487,1.22130736483456,-1.26686684659999
"607",-0.20098937771592,0.234893261002419,-0.838566179567303,-0.838516436152939,-0.0902422164088898,-0.184464189647018,-0.357411754954554,-0.614409912290447
"608",-1.80363598598605,0.0247036621598576,0.264666468785382,1.32488117302368,-0.695429977021868,0.902295703298976,-0.913663621524673,1.08375363634903
"609",-0.267202663051023,-0.474373940510363,-1.67157237618489,-0.0575337048345825,-1.66301903446515,0.832760487518462,0.507169368294104,-2.41314487385025
"610",0.0347723787583614,0.0722106999908663,0.620830424240681,-0.216276832094027,-1.47350496322445,-1.48642553091929,0.957376265532488,0.38019784038234
"611",1.33334502430036,-0.179054933433554,1.79788539795453,-0.805512918846737,-0.0678287192754601,1.19686036715723,0.232565979764811,-1.23359089942551
"612",-3.87562229237162,-0.714588790779842,-0.263950543294723,-1.3745300549024,0.371207323681409,-1.79138403756603,-0.729139898910862,1.34720663249078
"613",0.126888455723811,-0.793945005383443,0.248011328875756,-1.69874926737312,1.38954147482539,0.364964304694593,1.50782364135248,0.267911521174912
"614",0.824801158910167,1.67384673756083,-0.223975030585602,0.392493466010764,0.859564913679455,1.80711434764691,0.452348387764203,-1.36036155059351
"615",-1.38653732736671,-0.277658795419515,0.702808306524518,0.199009352772901,-2.44270603700839,-1.07837573748389,-0.522556816903342,-1.11813075885394
"616",2.7981231712994,0.439114892215454,0.0915006469815381,2.07651033845171,0.93320364162308,-0.0428501560554311,-0.253123216638595,-1.5865061032782
"617",0.276481003063537,-0.75212820349049,0.0249929318079724,-0.978517893785077,0.359275046752683,0.105033982241762,0.0462720231545327,0.777035354650496
"618",-1.50394151359311,0.60428662287386,0.329247420734949,2.16212882564945,0.56454706700068,-0.800246552097312,0.843410755508346,1.31187122824813
"619",1.79036995389854,0.867857104182733,1.40972945785745,1.87986377925131,0.21981787769993,0.503868540368373,0.082255510042762,-1.11628524162888
"620",-2.09367930433917,0.236480406736012,1.98017393421469,-1.43049365364543,0.928255339835658,1.72115253045544,-0.0114995616575975,0.881662866546924
"621",-2.67537711089293,-0.202027202915545,-2.14168294692559,-1.05563149810883,-0.61113431545236,-1.12798391234525,-1.79481018995795,0.782737725465997
"622",-1.33424199018615,0.41202777660075,-0.718096579539415,-0.297668734036668,0.180749874791468,1.17822584052013,-0.845541245959811,0.282207083885765
"623",-2.21778280352884,-0.00999748709669079,0.112301902750996,1.20418688764977,0.0228801248597789,-1.66892514934972,-1.33859959083239,2.41944198143932
"624",-0.0723650325297109,-0.896808721387694,-1.01861192095664,0.602053211509452,1.92057308660743,-1.56179240283465,-0.528394028733786,0.39000713022954
"625",-0.542875230912977,-0.165104614340774,0.373775376908674,-0.0999259085651485,-0.959573966958516,-1.08496189312444,0.359445669540388,0.63265342631455
"626",0.640051367527152,-1.03203255587333,-0.571329256887496,-0.84380173115962,0.848991407790108,0.40369567183953,-0.697186053647498,-0.909785839998212
"627",-0.371159567282456,1.43388899394029,-0.878328338416753,0.73860776996395,1.78724685076593,1.10405006286351,-0.39409596888383,0.668375764480802
"628",-1.77992356068477,0.190522372343027,-1.11497742548785,-0.848173859805183,-0.194179022107624,0.120370635385256,-1.45386696382238,0.113590691358857
"629",-2.1476321074593,-1.10760089431391,-0.145619043844031,-0.202765668809582,0.971522187299403,-1.20954982089601,-0.718003551636295,1.12315534693066
"630",-1.93344976250769,0.457385984942128,0.247853096380873,0.269877410292567,-0.571910985223833,2.27344702657396,-0.552570321651831,1.91481117635975
"631",1.41782173883927,0.494841913001703,1.67667265890074,-1.00012379700016,-1.24679466656915,0.956437824017177,-0.726264689153011,-1.5544636352946
"632",-0.572940089703239,-0.487231577179768,-0.33327159679974,2.97395509914707,-1.15488600966872,-0.234768327124774,1.23523454419849,-0.0957585932202132
"633",-1.67434482232435,1.65593825266345,1.27770415091082,0.741436601872361,-0.50128476110903,1.66720969558085,0.205348202571367,1.25516857329849
"634",-2.20248059175773,-0.11789375252671,-1.21490319474303,1.06217250259336,0.554287239195938,-0.456339313054617,-1.15083145922373,2.60062307289807
"635",-1.16005950144883,-2.39108750770927,1.75946861743992,-1.01373094777003,-0.310946608989365,-0.503159857956065,-1.35096572176247,-0.126671340444653
"636",0.695465083813062,-1.22242496506949,0.365728518368208,-1.15650550295047,0.154799045919012,-0.953627466734567,1.47937128431446,1.15180409891114
"637",1.15311903011498,-0.375016071806574,2.88678282572655,0.774506930011813,0.160192412560491,-1.46569810241664,0.901094791754269,0.980146505071844
"638",0.157632114956729,1.2096351650993,0.198257197161071,2.09846214761439,1.0322481863066,0.225621221298608,-0.643926396677225,-0.119319007890313
"639",1.18300161813171,-0.0498517987844747,1.36072961239084,1.65136981682836,-0.224535009732126,0.0547133544646162,0.88446974363439,-0.541860553326972
"640",0.458697689463961,-0.632034979389029,-0.384069401709575,1.17467946411571,-1.22126164433543,-1.85950769588371,0.418674752140042,0.0723822674750765
"641",-0.270706701823158,0.305674047135624,-1.12278735778156,2.60942821372423,0.326125424051337,-0.331187667969464,-0.197868554857917,0.731655417964181
"642",1.94749820080326,0.723185718451663,-0.22082008019083,0.485460409850963,1.55481568842263,0.915067171976,-0.495681455147501,-0.962962838102238
"643",-2.28036893425721,-0.38636777439608,-1.24939182625835,-0.390821498853149,0.259875690249352,-0.820943749899861,1.25763764762555,0.698444659245344
"644",-1.3141853534648,0.792061997170334,1.39681997294727,1.51880455909325,0.377693929662405,-1.27698535887075,-0.907727886132923,0.963412055801003
"645",1.74265921051084,-0.0720818696546181,2.09514195964097,0.658833612328516,2.0124225149558,0.0592392159149585,0.501217198298872,-1.19514035589509
"646",0.363663132382062,0.600224482586208,0.257320180434526,-0.221517196251048,-1.74735924795495,1.79096564169691,-0.10571524030524,0.632640663528133
"647",0.2814163018164,0.210518962272418,-0.03414809625531,-0.220174507690168,-0.268101196804193,-0.798479268123382,0.447381171109792,0.832696154933929
"648",2.68149617393254,-0.197589905030205,0.430128511768613,0.505402926348508,0.310852968714228,-0.789373381993201,0.167047282222714,-0.204012325882248
"649",3.02148021715811,-0.591207976931217,-0.123368771230164,0.440037349456396,-1.45440873237645,-1.20960695345251,0.849166977497186,-1.21035143610691
"650",-0.721562812652041,-0.950637577272993,-0.0339433049703098,1.05861899080167,0.0225249461372174,-1.84444034566336,0.663021638386668,0.698366171580562
"651",1.29250017486155,0.140977623351425,1.46149881325008,1.60645915171441,1.93743817558665,-0.934360560600087,-0.00316376570126569,-0.868847101302119
"652",-0.741666834690128,-0.53923771714059,-1.47905275830533,-0.596523445996962,0.161186427909664,-0.144942001460236,-0.634656757544203,0.199184290607476
"653",1.50318326134941,-0.348862546635956,0.461605305612545,-0.945888969404052,-0.288508952376648,-0.912919202635626,0.0848035643339809,-0.967163159275532
"654",0.0592943296691481,1.99092198983857,-1.45433837511419,0.203559523664845,-0.841882265146572,-1.31250084163031,1.0482745511462,-0.505041157523629
"655",-0.622147285936195,1.46770074431322,1.56860371330457,2.11310993367808,-0.580742604094041,-0.40643820257576,-1.23861476566615,0.29075666996435
"656",1.60785936546139,0.630723505773681,0.19406760248254,1.21427748996756,0.734630404250776,-1.12939974919255,-0.448233082915481,0.243593672619127
"657",-1.0378285404695,0.309487045502129,1.09361077023026,-0.186686261744306,-1.24991498892024,1.26617889290078,-0.457413083147502,0.562557434113135
"658",1.56141244587593,-0.683194507997498,-1.09762367080431,-0.939621271796902,1.3842949397371,-0.580090277042948,-0.0393400605064689,-1.79133584941243
"659",1.91110998116301,1.11751017719688,-1.38494099465743,0.907311081490649,1.49221224533104,0.704700607333447,0.489017162726634,-0.827229762111172
"660",-0.477692120452638,-2.05192309682808,1.03533328454911,-0.634397093973978,-0.931825216370331,-0.0503997590298895,0.186886661379501,-0.377615178690942
"661",2.7398258618754,-0.906180829568832,-1.49857311839348,-1.51790268591536,0.897549379212853,0.546114033111456,1.04970634871868,-0.511866304654791
"662",-1.32802423416455,-0.0921948086569314,-1.39986268493643,0.018579230425412,-0.692415580032967,0.143702214715745,-0.0406589501332981,0.123007181631587
"663",-0.608049841494348,-0.656326919329513,-0.316330547821158,-1.89841732340141,1.26130250938988,-0.460946313794878,0.905307407409357,-0.399899023528775
"664",1.280885388245,-0.520944546237324,-0.0534421011589145,-0.680403246019024,0.447940484192434,-0.0146194459283897,0.389503206464398,-0.289148043480674
"665",-1.20324972060244,0.768449668785827,-0.727832017034393,0.317443520148872,0.351687210588548,-0.36953027387106,-0.560286813913239,-0.406556912542763
"666",1.7659595397601,-0.0630055873683478,1.29766882505544,-0.348919896609785,0.149617712112912,-0.16855732666141,-0.849893259510202,-2.05087853304729
"667",-1.01969946029266,0.070375746163744,1.25067364825527,0.765998105673095,-0.404208298185112,1.01050010989629,-1.41448946556309,0.0874927271776111
"668",-1.06004286595151,0.35311809544684,0.497547461455036,-0.370805958002714,1.30913773863272,2.37741773217836,-0.680972069914102,0.686516917388953
"669",-2.38725287024849,0.854040550103352,0.374013121101791,2.15356909703053,1.66314059236354,-0.314668223169187,-2.19162681660401,0.831422168333301
"670",0.557392197093294,0.31479691981229,-1.4938141644926,0.995262448496173,0.536687102029671,0.81655395438811,-0.247538775768981,-0.545781500873653
"671",-0.541122707747084,0.16384201875251,2.11080456234464,0.0795085348942904,1.72141946880691,-0.5532225514237,0.661617125950137,0.714612655898346
"672",0.150103199527288,1.38873018162283,0.474021905603831,2.17911833973637,-1.74794753421136,1.92505487391693,0.990089598356955,-0.70814472327428
"673",2.4587335203145,0.0273163906634215,0.299384871099965,2.74586482436927,0.600008502253269,-2.32723712341235,-1.09351483227822,-1.87710722186079
"674",-1.72960751883659,0.425106480642797,0.283234028391169,1.30394235401559,-1.75617299500583,-0.80348721303357,-0.258242795734436,0.589593760838714
"675",-0.605808820588562,2.11893747233108,0.79726662028121,1.43809785437727,-0.717419440756491,2.15791756385621,0.207327914359543,0.260399232238693
"676",0.671890949224568,0.535934384462008,1.74200655439899,2.51221393040483,-1.35109765512066,0.586104707441716,0.703255712710747,0.641129374710675
"677",2.60209195496867,-0.85030791222516,0.607354196518315,0.0806970534542242,-0.685647967380718,-1.94194518995614,1.64601374756274,-1.88646836141882
"678",-1.50238667395646,-1.00641199672692,-1.36874815037609,-1.62583237520806,0.31999782463422,0.454981999875914,-0.411634256610411,0.281233169983007
"679",0.488971784123848,0.847144298954485,-0.828918152041559,-0.52396736111655,-1.35448829055807,-0.59270228258872,0.0403589161658629,0.14440371498766
"680",-0.298939056201685,2.67871454518517,0.198787633630246,1.23189981307958,-0.939109948758188,1.78249872649293,-0.164210595434366,-0.34900846158571
"681",0.944143406309312,-0.0281681050305023,0.465296315607224,0.236457266632752,-0.287601565566915,0.4019201748581,1.13802773683748,-1.2919716371898
"682",1.72401259958234,0.703681809857008,0.633728148467037,1.04234217779699,0.0593412107678988,-0.526660985985992,0.436999441467716,-1.01995801285812
"683",-2.04686251761681,0.901782376832204,-0.191384731567666,2.0529274497954,0.631176463830687,-1.11052775380476,-2.10308916863352,2.60090791502017
"684",-1.08256661101346,0.0596540180110429,-0.154868939560641,-1.56691898636221,-0.845139160783855,0.655580289335858,-0.276858885882961,1.20964623509928
"685",3.47657220794212,1.50887761637725,0.922074737527555,1.7198817788105,0.385662719401131,-0.189968132401854,0.983223171901799,-2.25039619457163
"686",0.290038851548668,1.43348975163147,-0.740543557176624,-1.54308667017247,0.950675174449502,2.73430854209776,1.51963338729866,-0.185918632420136
"687",-0.125488740971578,0.727470126809207,0.845245188750766,-0.117078275689725,1.55190792783457,-0.0804152863943168,-1.12559381733108,0.733096537841057
"688",-0.0158033084022231,-0.268058767677744,-0.758590083654671,-0.0554950080156441,0.568642142683763,-0.726047718682437,-0.615471134576101,-0.295844343473722
"689",-0.264531545464312,0.267240019325341,-0.281868572434505,-0.275855208430991,1.0558356026582,0.392387442755399,0.237947613677604,-0.658680440919994
"690",2.33687501397723,-1.91966288628535,0.925037145453155,-0.0629319903046935,2.184882391849,-1.0435627902113,1.21770695248553,0.0874414052868412
"691",-0.109140119543173,-1.36997200602029,-1.61402349767442,-0.809049001419544,-0.391611159510706,-1.17732782414046,-0.505196217630135,0.338602056939869
"692",1.82150344468581,0.0907461556111676,2.18845655644759,-0.564031646964769,-1.46926030171857,0.163953491053878,0.903802002047046,-1.0449988337705
"693",0.262404414591179,-0.392615059168283,-0.421566277612286,-0.288621118335916,-1.84211361491525,-0.735105792295474,-0.308530495823339,0.441333064124652
"694",-0.031998734642777,0.223465655650915,-0.438338799659421,1.88838421450517,-0.20221069787199,-0.124453468292602,-0.0538726285526787,-0.905374981431529
"695",-1.75092424332731,-0.015711766997314,0.338962157162185,-1.49508868608919,0.188694012563544,1.94770185432598,-0.588616076374842,0.460767824201798
"696",-0.227713570138966,0.348680016147349,0.600051704992046,1.00547787267704,1.01611686359696,-0.655134788049295,1.56850347849227,0.590808522709352
"697",1.03634627842314,-0.445282819263317,0.0724772919071595,-0.842735226862338,1.83018914921486,-0.451510870641929,1.37851124023435,-0.591225114427248
"698",0.348787410202449,-1.05134057079785,-0.935867525059061,-1.20628788672428,2.1210035465289,-0.116726011398507,0.458561778285466,0.404766454420417
"699",-2.50054749865269,-1.37492013634567,0.258390698256517,-1.98256022322861,-1.5156994738114,0.296816358193996,-1.479961035902,0.377999799730899
"700",1.23558799835273,3.04200745262203,-0.226392807160446,0.429116806096878,0.101927132916453,2.12955830198002,0.448267118813888,-1.30324300704003
"701",1.80140851265901,0.680458466244316,2.70275927893343,2.03194384798286,1.02296082500308,-1.9929912268326,2.22229321486834,0.177696543006645
"702",0.53360982412563,0.916840961223318,1.344575633002,-2.61227222796091,1.98604514258035,1.69480578888,-0.319142235995606,-0.136589552411647
"703",1.78002493746078,-0.223089423760264,-0.908383015228439,0.914231451724131,-0.142955737028522,-0.349528890837699,0.565189666711394,-1.12737413563037
"704",1.19173459869455,-0.954297713356992,1.28510400559005,-1.55667922908167,-0.227123937019868,-0.163974797319835,0.131460078800784,0.0249136035578723
"705",2.19393258323079,1.24757806327556,-0.2868303080154,-0.428546789146712,-1.72343240596852,1.67787500835526,1.24564415514461,-0.322921282090915
"706",-4.47630352547445,-1.10088699071205,-0.701659688865129,-0.80283929769748,-0.584900189918186,-0.820292438238365,-1.55326537681261,0.945655823727252
"707",-1.01091641247074,-0.211163622872329,-0.657522631299465,-1.49813443443361,-0.280482093156786,-0.0516048560803923,-0.134861781539596,-0.107918502900514
"708",1.53780292478439,1.06407098956565,1.02935561282467,0.686250576330295,-0.141411210870917,0.957035306703931,0.505280477294999,-1.31562310196497
"709",-0.822018497179069,-0.166815856420471,1.13826690368814,-1.05937416515103,1.87989663235671,-0.433349564907303,-1.13545608575123,0.220059527861736
"710",0.334439104251622,0.540803853489405,-1.11096914887735,-1.76561161729386,-1.16260339512442,0.515590791585695,0.0187215936468182,-0.106572389455964
"711",2.25204533585742,1.32856150079899,0.69723374443613,1.04657953754296,-0.745726075121237,0.573039057150096,-0.0511157018280326,-1.33305828018345
"712",-0.238438023452068,0.425329792326518,1.08078029015514,-2.05858448219719,0.806764844983909,-0.545340480664903,-1.83198455804607,0.995038925223265
"713",0.521680473123032,-0.360555625157049,0.35312521158891,1.23663556249469,-0.193341253467332,-0.46726151443357,-0.500467792369335,-0.299028111678672
"714",0.0137641992793378,0.483639065365994,0.349585603572665,0.49440526986323,1.55545681559375,1.98979863981898,0.325957226708679,-0.985045083451962
"715",-2.57444539066215,-0.257641283751309,0.756192496540554,0.205760171393617,0.300625091842948,-1.91655248631615,-1.29128073794392,2.00424089048871
"716",-1.1998550927582,0.915602907301231,0.617163278344576,1.27543121161173,-0.304730237989291,1.90500934350003,-0.104812016378663,1.55864566083984
"717",-1.32736122283424,1.09770308110304,-0.797947416936798,2.86877101865761,0.904500786826246,1.00067494966262,-0.729805270782328,0.206917596170282
"718",-1.74734121976037,-0.581533829622623,-2.09829764494465,0.400222647246407,-0.582497735880147,-0.256960572539059,-0.881963576417821,1.09879221601953
"719",1.87621666169837,-0.619882553105223,1.33871206511544,0.148720131717476,2.16039375132992,-0.0218234823765147,0.959806197260288,-0.210249314459995
"720",-0.201886268592577,0.761948147947011,2.08178053285358,-0.56493119460133,-0.43027226483776,0.317858111709339,-0.705796682523396,-0.291752867850055
"721",2.33777673108832,0.669288363141532,0.309235560497603,1.71459916262453,1.60915068639698,0.939104385161361,0.0640865713102256,0.575500817199062
"722",-1.5853563209619,0.355215814057075,0.211121409582122,-0.732702034135721,-2.25409850797771,-1.35266652204518,0.904760347812227,-0.000538103420438669
"723",1.73931257724122,-1.57315047229228,-1.11706660520315,-1.30885388919132,2.01136394554805,0.18865800285702,0.605173311506017,0.143741878851029
"724",-0.720184548218283,-0.874938843607292,-0.709258296853322,-1.99269349548736,-0.691317995723333,1.25495126495679,-1.03633873669659,-0.156988396149501
"725",-0.834876958255888,-1.89572535908539,-0.0707873350765393,-0.922729919167296,0.380437635692405,-1.33257468215996,-1.20221408447413,0.883023816263856
"726",0.723175223313694,0.60623361088458,-0.163583462956772,1.77255684775636,1.72024439158478,0.00131060236639433,-0.15070911560764,-0.964037731643348
"727",1.18389724109909,-1.52949826525377,-0.663682798483942,-0.943765392190021,1.10043470373516,-0.482181785859273,-0.137751562000747,-0.549890010079048
"728",0.10331821168676,0.296373607209004,0.663532663340329,0.130583784222339,0.76609708461447,-0.0761651886113271,1.40941212458313,-0.867139699063939
"729",-0.907288192709348,-0.31191505423822,-0.425026689538505,1.47960743470237,-0.270148379869065,-0.71541741980939,0.777966844864074,-0.154265088688647
"730",0.427233156485343,-0.77997928362237,-1.03329056091394,0.595426401172701,0.0279940156235649,0.713735625776839,-0.654713703697519,-0.231661484553017
"731",-0.310828382123046,-0.929087334310754,0.541238009442681,0.478047335843748,0.0556083666456069,-2.44932965522364,-0.342116012623577,0.439657892689324
"732",1.33865169272785,0.41852519435611,2.12425652656969,1.14581909925386,-0.224167229109672,-0.753739310561733,0.229379178433966,-2.01200464095444
"733",-0.732301974325666,0.392119790139441,-1.13584291157755,2.7145241147721,-0.18685403036815,-0.145277757701495,-2.94977188778778,-0.0992485160406399
"734",-0.244901714547061,-0.348511428479518,-0.575078379390006,-2.07098259308716,-0.984447307450484,0.448375492203824,-1.01034835050206,0.363418574370878
"735",2.56560457511063,-0.281702377788725,0.694256104061423,1.50053506387082,1.45613388340705,-1.49105406598144,1.31332482658044,-0.670195009645318
"736",-0.410909808595492,0.870225309212479,-0.796504886721072,1.03802627358339,-0.302003692939196,3.00220901185752,-0.519458310447079,-1.0699134533
"737",-0.467934928480326,1.26884623279932,0.800279985384697,0.666696198692867,0.401387156340266,1.6374366439304,0.0302942347530988,0.0219848670236359
"738",-2.74350440445884,0.184895414727972,-0.550593104106613,-0.911213764820798,1.32967298612386,-2.3574197853147,-1.19813612398782,1.56628743205797
"739",-1.75522730705729,0.645492414126589,0.12261476122676,1.35483629222024,-1.90247119319396,0.313244987340519,-2.21237960755427,-0.418367950094023
"740",-1.38856829405478,-0.848756114679904,-1.07425697760338,-2.15400836801751,-0.91648285639492,0.600007069799834,-3.15864137166505,-0.179811309862284
"741",0.912936712105523,-1.12963893124186,-0.0907205071780062,1.69707626005801,-0.190996222015037,-1.46361047602727,0.386883548587298,-0.626684333176966
"742",1.54301085712704,0.591847890305762,-0.720643596961519,1.30226963287352,-1.26201225120161,-0.0344111271978588,-0.0739691017423691,-0.576120980739968
"743",1.66481827328692,1.56087108784444,0.460960543640594,1.46055069677361,-0.135872593415018,1.03301877624334,-0.497886666778077,-0.806326503314187
"744",-0.751790635847433,3.19363797004115,-1.24249533977191,0.590609742459871,0.797683170956462,2.41225533413595,0.134265031117561,-0.734115341157868
"745",-2.05448147725212,-0.852058509715102,1.02461517512925,-0.0450570455964629,0.99476722500806,-1.06684294080089,-2.0312554053427,1.81194870617794
"746",1.62431257518366,0.58973938382841,0.27166995708173,1.58914544728626,0.33191258969238,-0.396579765047883,1.07447010576425,-0.927797221086944
"747",0.382821915650493,1.37778510291038,-1.96178204143983,-0.348391850254127,0.97088314524847,2.31192095563585,1.53978106550183,0.535046657169601
"748",1.40618686417241,0.524799990367352,0.104809254350788,0.777140383042885,-0.669602349744305,1.09837404542794,0.528407051936816,-1.29168012155686
"749",-2.88013886829462,-0.0230117951894535,-1.62373229221652,-0.651229348734538,-1.35068829132166,0.988194425052829,-0.324037407522001,-0.115000438058004
"750",-1.61149513210949,-0.652217409744567,-1.61920326040093,0.178188033216791,-0.335012843480512,0.305769262124318,0.0166738137850927,0.635258908809009
"751",-0.81170487221773,0.297879798643903,1.14674569467354,-1.60855792089002,0.831007537232054,-0.942436814677394,-0.803245412579568,-0.207132219754573
"752",0.38187468316542,-1.03700643183865,0.36671422654238,-2.21367891967992,-0.475516855295368,0.241710112133998,-0.234141078031405,1.2903833020532
"753",-0.0186716225006394,2.20361937177452,0.583881832109252,4.03487301612018,-0.921208706958695,0.254428805248714,0.836306743024904,0.940436283018631
"754",-0.367920519707065,2.29659907064306,1.45071364905587,0.536141618679969,-1.12627159604513,1.44022301300023,0.973894051521547,1.27356388213841
"755",2.89202758676121,-0.205799590415193,1.55995893304191,-1.84276413025381,1.10964906752788,0.516510910830096,0.882163227408465,-2.60262812620797
"756",-1.3078633050581,0.135609629476239,-0.444265784696534,-0.0875832901939892,1.57207818269256,0.358144839069205,-1.0274590294374,1.37076676440577
"757",2.56273093350614,0.451468110517431,-2.22106659452884,-1.03237633935606,0.482875975704915,0.959125339134646,0.661731735775341,0.299593228447598
"758",-0.119390300659848,-1.03499780075254,0.838459352489932,0.295088960052436,0.291813853908869,0.662249452755893,-0.603778790311442,0.260325634298711
"759",0.928959919244347,-0.959860986150025,0.569781744884909,-0.971387814318725,-0.0172552083092152,-0.298039080705665,-0.238142655960354,-1.81800549998222
"760",-0.251390867415984,1.17464312795297,-0.0758468874292728,1.80251514511655,0.62967348431002,0.458499860938124,0.158051337320739,0.0524935018918967
"761",1.05610090353766,-0.720399786475113,0.354408239724782,-1.63884521916531,-1.07471811241043,0.739675249728551,0.152204323031319,0.147899141502472
"762",-0.442740833660131,0.35132049228015,0.388545468179972,-0.181032806923913,-0.759874661832264,0.279673396872545,2.16149798510295,0.980187877859443
"763",2.38298963422075,-0.0693584954980895,-0.997201326173086,-0.582072384872773,-0.433637067284619,-0.53740014628022,1.5683349665871,-0.744370000632799
"764",0.16210537671554,-0.104449777613128,-1.14127858358442,-0.12737724826692,0.2007525213093,0.751476474318751,-0.484379256081914,-0.478187913455309
"765",-0.523107338701924,0.822281033507189,1.70575098357907,-0.443428096897702,1.42543698007043,1.05883691146687,-0.0651032308571606,1.86191928254897
"766",2.24521004288045,1.70934214814503,0.3971488527452,1.51879407681125,0.320863536058446,1.35259308716394,-0.313576417976713,-0.713232096478253
"767",-1.76674992707885,-1.0001194275649,-0.290690976493469,-1.03834310132316,0.203098495569654,-1.43524650928426,0.721282279828868,-1.07043122299144
"768",-2.06857125443149,-0.502664432114131,0.212887237644106,-1.28953052179183,0.676480092299641,-0.140995064136935,-1.05482039769667,0.0633402943879226
"769",-1.06651811657257,0.983294597046578,-0.527522597202924,1.27893355168895,-1.60433448119978,-0.638168500257585,0.0242993135689712,0.799418912403803
"770",1.00031316339666,0.562728274905902,0.307732304923312,1.10310213217492,1.20502136483605,-0.915815375781003,0.0934750852057135,-0.861944539426926
"771",-0.0835862566804067,-0.359533193633609,1.7599601331743,0.0466777916162439,0.771307565960735,-0.0795682243271599,-0.635494978684374,0.476121766230725
"772",-1.67125772456157,-0.884034965719558,-0.139002921403693,-0.312252266824599,-0.215488494016319,0.985392318463673,0.521280896855999,1.33847825879549
"773",-2.3091213484039,0.30172822659892,1.09567089458395,1.39933909439449,-0.851803763840572,-0.466072381582454,-1.12758323518912,2.2473789860027
"774",0.342143644007964,0.115857608407583,-0.548766525022098,-3.13146493728894,0.624093758679068,1.68873305788573,-1.40283233792582,0.00215051008436295
"775",-1.12290712975684,0.482156968280093,-0.733813583204223,-0.696338378862363,-1.05484147058241,0.0325607971492066,-1.6679377357572,0.959687111911505
"776",4.05250171508453,0.490722971590016,-0.210522456091503,2.8464232410914,3.51661003676383,0.0897909071021953,0.658944032620551,-2.84152120139994
"777",0.670297506767927,0.289177880583898,-1.57763293739466,2.17641897612893,-0.120063078359384,-0.812272663667309,0.581668077513176,0.044225340177205
"778",-0.880018550401558,-0.633957996344974,0.310950424201465,-1.01834874304885,-1.07303735547145,-0.0981701052847837,-0.399466001678857,-0.112712741598489
"779",1.0345089758114,-1.42298688943658,-1.20418033256589,-3.28397644950687,0.409025311946778,0.755538477710836,0.0299303515007198,0.152322661750799
"780",-0.154359089191421,-1.02796953042843,-0.683811051723401,0.677210889223967,-0.345591586762329,-2.79326287597352,-0.379768691233868,0.844752554608695
"781",-2.00875243479608,0.96297468316955,-0.118494096935867,0.454367209456135,-0.803263870209211,-0.659968893933934,0.112682773944672,0.876626419758284
"782",-1.28946087223598,-1.74392944258002,-0.956279147304335,-1.72525942105011,0.60470804553464,-0.423148512322162,-0.78812365870665,-0.0623723084311931
"783",-1.01291534415727,1.83777704198068,1.35606986324783,-0.56212027454459,-1.25082993846345,3.25289958230218,0.909656936654966,0.325012718418416
"784",0.440875125897862,-1.26974061882371,-0.67339737101546,-1.94336612381094,-1.54241726768282,-0.0201136568898847,1.05172668887135,-0.930245465720231
"785",0.227212007128558,0.139438467382428,2.97915605509341,0.433689919623621,0.330600785460037,-0.409971034131328,1.62492665669192,2.15212444180473
"786",0.405443077436908,-1.23949318532889,1.52410620476737,-1.47957566842233,-1.5136338267878,-0.341048134385442,0.270712541119316,0.654840074985644
"787",2.60621321633007,0.302032354853914,1.41004812095399,0.233036188644887,1.64414235097465,-0.0366374094661482,1.29871787781337,-0.642588274387912
"788",-2.04664888878068,0.0298582079770289,0.388095444686444,0.249500590968657,-0.482958080700675,1.35269079504531,0.769447484951992,2.48633986956861
"789",1.13533139243548,0.63276164403867,-1.32636640837482,-0.274987500142631,-0.599531323005826,0.77056349972889,0.596537642894774,-1.29226452144388
"790",-1.04666880458928,-1.08369174344175,1.40566607619004,-1.14858912263161,-0.505115910681072,-0.675025347541063,-0.656255817946774,1.2331056196824
"791",-1.67183616370645,0.432865521131202,0.598744243949092,-1.70370067060036,-0.793047962727907,1.98733574879755,1.15680260384136,-0.160041597418876
"792",-1.23163996618576,0.25182131490685,-2.42079774691589,-0.945093714914187,-1.68952282329709,0.279899542351387,0.440966634727456,-0.340356403975501
"793",-0.273676816958937,-2.22334834281984,0.155793874011744,-1.11372869307166,-1.40606080978417,-0.905457963656906,0.637291777931259,-0.0258723711538984
"794",-1.38538997956791,0.619592791134064,0.24944752006823,0.272155860218113,-0.897934384836882,-0.315601775325483,0.0344903360183282,0.464016866057348
"795",0.495365355482337,-0.608591546732507,-2.02619926981877,1.56905648219917,-0.0147360974684896,-0.914534562947255,-0.252590401778532,-1.93577840950738
"796",-0.713554373453807,1.37366003078337,-0.320171395358441,-0.468326222135666,0.851324340599003,2.18225735024094,-1.65389853820608,0.229621962082978
"797",0.234637946732083,-0.71127495782336,-1.78562971912237,0.394870195650867,0.482493125069666,-2.3630548544939,-0.691829534648372,-0.053145590806862
"798",3.46108365422233,0.00825566480607726,1.82983182438445,0.331201131855836,-0.884045815372248,0.849170967892922,1.35615581983139,-2.47575514020394
"799",2.42799079361418,0.659250792272288,-0.867835084324977,0.340867324663945,1.49240327298474,1.18229931656459,0.887572337029876,-0.835235671624484
"800",2.48965326326984,-1.91718139551622,0.736548400974886,-0.101616812945194,-0.0894855983042759,-0.677075169131255,0.735578116787587,-0.907714264054845
"801",2.81624570989052,-2.12783076681937,0.291339885271094,-0.256487102576292,0.501105291665379,-1.10553884238639,2.4649610736212,-0.528223454118771
"802",-0.946750838365982,2.43580512980367,-2.27543401523393,0.174784821953237,-0.820235799420685,2.9738127201174,2.18603688446641,1.0143903466789
"803",0.701877379260224,-0.470892873593684,0.354816770480426,0.782718256971565,-0.190825809105168,-0.753006920940452,-0.654668155414065,-0.427469866611575
"804",1.31716699543619,-0.0879921038413767,1.38517946668418,-0.687381840834742,0.45692233980629,1.27701499973627,0.879063917013879,-2.33928831558256
"805",-0.00250136297381779,-0.0342664484268683,0.219733001322809,2.205455772922,-0.00478446934035915,-0.211258446937654,-1.84724644726552,0.161239001351599
"806",1.88810875025504,-1.175782814238,0.635469124524804,-1.10749009547242,0.365969590057132,-1.4740877347244,0.757911269715389,-0.337150350541155
"807",0.813371167743434,-1.12726710312511,-1.87954628325183,-0.416534287827107,0.992152191268192,0.7577155627908,0.354029497795212,0.0849714297764166
"808",-1.52716501221197,1.07731496533018,-1.49715652330872,1.09626069196984,-0.965674571317264,-2.17634216896766,0.798500505764091,0.159561831515514
"809",-2.01055310497379,0.461507287669197,2.14847381013144,0.520350105833006,-1.49780935084144,-0.559177807258089,-0.0256607813209792,0.0447189344702595
"810",0.160221669863875,-0.915312165507822,1.9437323948745,-1.05433667378515,-0.61647720478532,-1.45419712743533,0.190780555534032,-0.0632676705472599
"811",0.116084260051581,-0.562030722965354,-0.551460961942735,0.292439739318062,-1.13001833151815,-2.69559150355582,-0.184456873732722,0.211106025860878
"812",1.13070493125279,-1.23209673476288,0.0127630372873076,0.422468990334676,0.488731200923706,0.245182658143441,-0.484631476915355,0.783140205143525
"813",0.793526304232144,-1.24538898576086,-0.432092266567392,0.292358273332561,0.109667658947006,-1.85386486066065,-0.473694145795665,-0.317785522107932
"814",-1.44473827427004,0.210307654206417,2.00303353635075,-0.281636169722289,1.9572239089867,1.01355773572813,0.220579485636257,0.507427549210572
"815",-0.966375339927459,-0.440931890355915,1.12861516053833,-0.213877726672869,0.0811170112192351,-0.286368334810627,0.249549010311435,0.833327144565743
"816",1.48427949976411,0.269317210717731,-1.89687080677307,0.395106741877825,-1.80527095037776,1.73437003561665,-0.391679724416298,-1.81129621422836
"817",0.665884322203757,0.599399353062663,-0.796020577311582,1.67940615186103,0.276019855852486,-0.0624518610107685,-0.464189118594359,0.552127854009965
"818",0.594017420143863,2.26630144778771,-0.0360974779654921,-1.06643489609794,2.47914250892176,2.68364974582376,-0.428562597486769,-0.372817454218057
"819",-0.517452349677947,0.883883751291332,1.2161555835969,0.384972824826042,-2.24497412134063,0.593723310820801,0.903723710619688,-0.0284600025682425
"820",0.610421752661931,1.36510990649673,1.21867043184036,-0.0654764162873206,1.54123916041024,0.650232075765958,-0.3596539254768,-1.62470428994354
"821",-0.330713536846634,1.03831694420113,-0.389207282283233,1.26404461142411,-2.00681557719691,-0.0773165009037775,-0.00903943437136289,-1.76474500374053
"822",-1.53840520598295,-0.26642717339165,-1.92558009365081,-1.99631973383142,0.103277549944973,2.64457041450218,-0.894555004869078,-0.720794277711574
"823",2.34308267625737,0.665516844654964,0.399417170048588,-0.395631958194267,-0.170346961923273,0.335606528713021,2.37916054021041,-2.79212939278702
"824",-0.539549392871849,-0.137291125894309,-0.907128651638556,-1.19997389033083,1.07759615513264,-0.313450367842297,1.21634677116838,0.813502409144324
"825",-2.45374409367206,-1.77760061157416,-1.54609498744706,0.0344580357786282,-0.877481981913075,-0.654551362077459,0.371014205558413,1.00625144535998
"826",1.24630101440326,-1.00913478225627,0.518540660081548,-0.245926719560758,-0.724768141465354,-1.12275390431869,2.76655419028575,0.858799470283637
"827",-0.713777548391201,-2.10879537346964,0.512788900107835,-0.0678117843445627,1.28409259392895,-1.72207673488986,2.35871009194914,0.937514133964489
"828",4.15581301152289,1.60647281873173,-1.88180031675775,1.13885372121938,0.297729572384008,2.46178337525577,1.72903062167844,-2.34459839614579
"829",-2.21409278222914,0.710727450143967,0.219382791248105,0.17219579844791,-0.815229750871231,-0.4839042350622,-2.13833840002356,0.575278033505745
"830",-0.410308041673367,-1.287486090382,2.74786774688952,-0.475142125354178,-1.46184011361299,-2.42507010026665,0.361690219590117,1.15610781548604
"831",-2.53254562995233,0.746834190873835,-0.110572337490869,-0.418202004196148,-1.64071612540657,3.06567344365712,-0.888980415855283,0.747493150471089
"832",0.261576405426682,-0.300568406573363,0.412438384386301,-0.837114363051257,0.186687300155193,0.334601527080764,-0.236444137847418,-0.818155364245339
"833",-2.85502843932388,-2.03915289320642,1.91015936975196,-0.17033891960303,-0.860955462709621,-1.70212292739622,-1.21449504067658,0.855165237150171
"834",1.62867191270715,-0.854591572630035,-0.432116109917406,0.791365731257948,1.49292559658791,-1.43766838047447,0.942510483495587,-1.20919076359612
"835",0.0031541379468219,0.102739539386437,0.144964954997932,-0.30052289708092,-1.79429094368918,-1.22328144293334,2.06346569695977,-1.37039027237629
"836",-0.901172370192388,-1.23350220044054,0.250956952758066,0.113824054432771,-0.785218038619844,-0.343151360846493,-0.902376021937429,-0.501162404532095
"837",2.67993054707941,-1.86179777156238,0.837525011719795,0.753733562001915,0.211753545864698,-2.22364174224933,0.374791859258315,-0.707277447617305
"838",0.624976597497998,-3.52438216133752,0.0670641684668923,-2.25864788412616,-0.521256901194821,-1.35566325571241,1.28928237682613,0.236024636994453
"839",-1.88428912483612,-1.35939120644236,-0.900239270465001,-1.51796085237087,-1.52173436777609,-0.62497236905269,-0.893555029965469,-0.772067127935998
"840",1.20893150632736,0.879700456616343,-0.466231780324224,1.29212439140702,0.449953716978881,-0.0848043051627258,-0.266540778067842,0.477100243783629
"841",0.231878462352689,-0.714975862933883,-0.3935072899374,-0.437928329705718,-0.521237339578066,-1.11851637471156,-0.54723881094508,-0.614727837012626
"842",-1.00715688024384,-0.424620811309315,0.468726169898107,1.87861446332714,0.39470641219721,-2.81411678728183,-0.625876769061381,1.20910228696718
"843",1.28997661172318,0.998141773765375,-0.188139213262385,0.295950639834535,-1.02095403743138,0.69293918347908,-0.865356561157652,0.0254939359649361
"844",-0.954166506049958,-0.175765363355377,-0.400440157924768,-0.530212234625727,0.355369810203889,1.66941982229831,0.0766661064360706,0.0914231879638215
"845",0.717568082457638,-0.73689000054016,0.728862597884735,-1.56102492066946,0.633354945983452,0.219051273562029,-0.527971330017546,-0.790890259713711
"846",2.8986408464446,-3.21499962951927,0.515532267303961,-0.580832080267833,-1.42048592469097,-0.411929447924476,1.63904889059581,-0.832787810883385
"847",-1.11121105549032,2.62613688780348,-0.0760754997650984,1.44758517614026,-0.407174601208228,1.51599864496508,-2.03324524818706,0.278120560678526
"848",-0.739071630938703,0.336159782582353,-0.672610869854935,0.401729783781235,-0.694436296888228,0.511312078644254,-0.233174858345306,-0.0601531454241225
"849",1.49755915476502,-0.962807469011041,1.25039002615015,0.120286228126188,-0.226497207741134,-0.774678297480332,-0.224504749356568,-1.16743990887077
"850",1.10146580983543,-0.792769796350738,1.73066134205494,1.14128540814231,-0.429398461573315,-2.38198856343741,-0.238579302870334,-1.56182640842733
"851",0.609768550354661,-1.51118037208102,-0.464290730666985,0.465038752780369,0.573490887428328,-0.550387275573091,0.368387306675291,-1.21675029699611
"852",-0.4403071286743,0.165368424066546,0.999856803085639,1.17076082426302,1.3497989565621,0.116714949611546,0.557698212404852,2.08738380298021
"853",0.253888376180965,1.17156092127363,0.0173443446899742,1.87128928343217,-0.450769866814492,0.664632743490002,-0.885842211561012,0.287532620633919
"854",-2.73032204486428,0.551804031661004,1.2586033528159,-1.29246021102365,-0.202217612547705,-0.0214778573408896,-0.517652217921524,1.27714916385643
"855",-1.98871938080953,-0.780904187300857,-1.19421139835307,-1.65470702582916,0.195350552130612,1.01717227824858,-1.20118482966048,1.13967627979638
"856",-0.559710934282098,1.03641489107913,-1.79944106832284,-0.181522555135535,-0.64688787204416,-0.365146074160036,0.899076429439037,-0.99827085166753
"857",-2.45824141909549,-0.0843257372292309,-1.36171783516504,-0.759613498687306,0.186394379338508,0.457415021314746,-1.91233761017584,1.72024614918139
"858",-2.25737511295635,-0.756489868802802,-0.242568957873024,-0.228834318910037,1.74455373541378,-2.00564903205164,-3.02350703431782,0.419969861207806
"859",-2.07427159695584,-0.774706395660525,0.669597662522137,-0.361087714009834,-3.49563443396033,-0.918665355969549,-1.68959827708114,0.545097181189915
"860",-2.33778536894237,-1.80480358131899,-1.37892558356371,-2.26077027738728,-2.01200441141962,0.418768987177795,1.26609119073067,1.22374315333489
"861",-0.527902431721451,-0.33778993581201,1.32899312626093,-1.36332918415369,-0.190595791176477,0.155867372513883,0.729829640147658,-0.770333376401703
"862",0.287240202594724,0.941729634550279,-0.421753987786238,0.0240541900158087,1.2488821977435,0.856665597802342,-0.314616671239008,-0.154620875103687
"863",0.254613813217139,-1.28007236449301,0.627252725436451,0.190595261769418,-0.38111186041616,-1.25667618083424,-0.0157388246936499,1.38043772967066
"864",-0.776045765528476,-0.0361635274294998,0.350915450593136,0.406081797755372,1.03815322840742,-0.930428727478321,-0.26393399961892,0.866705518147939
"865",-0.208909062339642,0.532110044721768,0.415113235924325,-1.33445124993261,-0.845451137486903,2.06713763000173,-0.224070421154123,0.468678547642566
"866",1.87077460594018,-0.0671006484024574,0.426539273365647,-0.167423592021268,1.55893666909394,0.691682704209947,0.361644523830609,-0.75854709211297
"867",0.218713758365197,-1.53346940837641,0.250082403937571,-1.82268695759868,-2.36278913972495,-0.630459740611518,0.506023351896986,1.42820050719594
"868",-2.19150917314515,-0.588747218151709,0.78193443157944,-0.828230960905478,0.183576260260957,-0.572540202720564,-1.85940793075061,1.67519594597431
"869",0.188553926237504,1.10402900991646,1.15728886718478,0.450185833175234,0.0347921338196916,0.220585934751779,-1.05611163152074,-1.51317920687993
"870",-1.5946609006784,2.19577385604317,1.01092290341608,1.51157982076902,1.75278502827298,1.04481541480506,-1.5556639946561,-0.833959579830026
"871",-1.28395611943492,-0.217484983479437,0.781133282827623,0.593595951345728,-0.537742343136469,-0.610294740377693,-1.69028276319213,-0.056162688370322
"872",-2.34657698979206,0.0843482495654878,-0.268060727629057,-0.0662199364565348,0.327389706884244,0.712673696951076,-0.61738144741552,0.433191692502316
"873",1.1034442577111,-0.179474218448814,1.29863340313161,1.29659305142055,-0.636892095894315,-0.0994346761186302,0.92595916271143,0.917120845958741
"874",1.58388374023077,0.835750848681724,-1.24028557149202,0.710231684071033,-0.127322262923981,0.0447970644035787,0.510277081749171,-2.62364016554584
"875",-1.38211015098504,0.115135515614606,0.168074442452664,0.0079658285302005,-0.789905511172472,-0.91197458195255,-0.595706093642233,0.0457542458293052
"876",1.31410295449548,0.441994862188622,-0.722308467322639,-0.0569430932365827,0.429936385538639,0.769163893088898,0.0196194337858823,-0.5427710116785
"877",2.54280196610516,-0.954398866381668,0.872486928590864,-0.480158643968148,-0.27790906168901,0.346079296434563,0.567368542025918,-2.02878775791076
"878",-0.400732289948815,-1.23780063045697,-2.27437566957719,0.427022803090288,-1.9417050267342,-0.968244399371585,0.500300357623453,0.101665614991203
"879",1.16352465975219,-2.42666931897056,0.599947861259429,-0.747840094509219,-0.319160202070103,-0.0904735011792613,-0.551013166233506,0.284091906698478
"880",1.63540095675466,-1.17666585271838,-0.231762327257479,0.546413636793381,-1.94129965680853,-0.491548131854135,0.462429864190029,-0.637317106787119
"881",0.722820808139044,1.21585583450433,-1.10713285029513,-0.309654195231869,-0.622238250406301,0.109208989375008,-0.400583139585259,-0.546601427559218
"882",-3.0895371387671,0.179518919817862,-0.00257316311940483,-1.28965581396693,-0.0683538730742937,1.63996705958245,-0.911357544122647,0.0393369097237487
"883",0.741300053733381,0.743721047889943,0.764012919304107,3.86241063534931,0.514303066472039,-1.27803856836154,0.581672450123253,-0.260800940360837
"884",-1.79356210015311,-0.0877005815350133,-0.200587560381537,0.141902827370589,-0.711563250806675,0.387281060519931,-0.751456559116281,0.524902830481418
"885",0.941892478005716,0.895804736681617,0.14054586129142,-0.795741240218319,-0.614720231507258,1.87672426788673,0.931400693492897,0.41644318514661
"886",2.48592358278234,2.49011376965221,-0.898632450330522,1.65992389206023,-0.0429616762051097,2.93332067599824,0.882363708900547,-0.605911715259305
"887",1.49223744478916,-1.42487215559228,1.41569943387611,-3.41788806479393,0.380460284858145,0.25235229455436,0.529666903328835,-0.122297785726999
"888",-1.17445705625159,-0.648425902118747,1.14868472867599,-1.73063151636947,-0.182981226604029,2.86317452530232,0.724252987700627,1.69334904787802
"889",2.5892559674506,-0.0568302415206733,0.872996218899573,-0.146845692325393,0.244968070912943,-0.230408567305767,0.434333924233652,-1.45641500840785
"890",0.378098897245692,0.0538432096924004,-0.999650561582635,0.591724996008563,-1.35535718780833,1.45644189147449,-0.147417561695458,-0.789162643066509
"891",-0.142946061085463,0.55225125085609,-0.409031018811792,1.84616440472086,0.931300255088321,-0.116002619402992,0.0775157214031009,0.114980755190773
"892",-1.15273787429202,0.116164685305816,-1.52406024660727,0.377112119169548,-0.894826560697315,0.282003062882179,-1.59361244734516,-0.345144706374553
"893",-2.12625377371691,1.07207654361508,-1.48715389359116,-1.29111140563713,-1.50507170112853,0.615327771601972,0.0513294538294773,1.01107746609413
"894",-0.39192313226262,-2.13244010497436,0.845022568547773,0.136621469893807,0.163094804784564,-3.11800773034772,0.591413454537973,1.45578673148235
"895",-0.86454639073852,1.48317668994397,0.479429936920547,0.861055701337064,0.34139084313158,1.32301301285285,-2.06395775365174,1.28530830695799
"896",0.660524040586255,1.00458146591098,1.16305348686727,-0.3413980271456,-0.866505030952575,1.42781740263076,1.09568024525209,1.36676993498133
"897",0.663477169719658,0.0667878980477091,-0.288394881148869,-0.812673364300951,-0.496788228036011,-0.343880117422329,0.409639161450362,-0.855750150859735
"898",-0.844194980524893,0.929050924426705,0.182021072297228,0.133962741558155,0.107531786671251,1.07524449077504,-0.203667028100552,0.76424483099752
"899",1.03338339098648,-1.16428549754021,-0.438125588829047,-0.922580272871367,1.53375472892714,-0.961352889011581,-0.40861392387847,0.404398450747078
"900",-0.333970573662188,-0.723618510851256,0.42164921171412,0.382883247734556,0.212549074023699,-0.822270379302955,-1.59184782458115,-0.223509746787852
"901",0.182485627803471,0.0625675574659471,-0.17366876667988,0.225052790357323,0.870447872405024,1.16810468979399,-0.297378689980018,-0.0191869664577071
"902",1.84084230556706,1.60071180291341,0.0418084184126751,1.30995161583854,2.18706392880858,-0.190044266507228,-0.737641992102797,-1.10807053147217
"903",-0.457822825002652,0.200839373546361,0.210455549461613,-0.299430597967499,-0.695946290255192,0.224259363205776,-0.60440906730306,0.517060510787431
"904",-0.506746168715715,1.73880584169448,-0.291327005540386,1.04126029250416,-1.46194222179228,0.582643017192007,0.935407245551957,-0.243750488553921
"905",2.81997799837366,0.726924881106184,-1.01363775665733,1.11102972054062,1.27862381904818,0.620173216960367,0.26665252237012,-1.44626604215623
"906",2.1057857339642,0.470847280297938,0.927327645531779,0.966278196065069,1.22548530749017,-0.325202579092949,-1.22144111046458,-0.696630597078633
"907",0.812907996864922,-1.16205999636954,-1.3115215821662,1.22591747870639,1.94392553314973,-1.46670822056645,-0.374968934019029,-0.94672307151309
"908",-1.73016980420437,-1.86470743542926,-0.70822723190742,-0.386514907760864,-0.610315121184859,-0.415193107697088,1.11009792639392,1.7177714679666
"909",-0.263066550321195,-0.133368710498618,-0.813996554319024,0.653675131115982,-0.252791343231316,-2.04495038393727,1.78874866583617,-0.461528137441851
"910",0.31250587098819,0.389967662748514,0.272563372711752,-1.28401078940246,1.50294835771581,0.51682674910072,0.00432100795021306,-1.29041573098613
"911",0.783784934972882,-0.179668635237132,-0.63201153650418,-0.229975917790832,-0.175075938895954,0.134627205585137,0.201736074410248,0.0912768203324177
"912",-1.19990039502992,1.59074883435818,0.192304143634835,2.20314407790327,-1.13962722170072,-1.9653255643014,0.247603007700502,-0.291592222144269
"913",-3.48732803549706,-0.116065147765741,0.650542071880975,0.739333812071974,0.217896279152507,-0.0838354779104784,-1.85155231083041,1.73355958797097
"914",0.305117388253232,1.06606977203863,0.224476283514761,-1.64722427418444,0.387295390363305,0.746659123788598,1.45172824521792,1.13151134176441
"915",-0.88698565177646,0.989906776455607,0.452126045552331,0.845085985346968,0.122315943628149,0.550255001403772,-1.28315140563438,-0.363765157401476
"916",-1.17536428098483,-0.758460684354525,1.04630656857971,-0.0757943568531685,-0.550908762702675,-1.45956843410735,-2.00201204509767,0.0727803426539408
"917",-2.83804517930928,-0.00307794811996565,-0.0792974535519088,0.474338671740078,-0.464643557617927,0.730714435596107,-0.796921763081961,1.10367262548648
"918",-1.07804299725666,-1.57514296586225,-0.0893961000000583,-0.341322918798488,0.625927367728883,-0.229366531555662,-2.05804061855957,-0.311696388965611
"919",-1.48796995770759,-0.260101952777079,-1.26758255580506,-0.785697825137458,0.255144376783157,-0.0406145166210045,1.25244507611416,1.67975126977606
"920",-0.461200348932621,0.133705820487223,0.519103490070663,0.121633861501269,-0.936481933213531,-1.21957322745612,-0.041185042133635,0.378621036668978
"921",-0.840244360718909,-1.56197016365287,-0.0149020532296279,-1.29786058128404,-0.693587993932459,0.131165314315513,-1.33390550224948,-0.423308451644949
"922",1.94842090475726,1.70798536040321,0.712911965131573,0.166482860906863,0.339058611352396,0.780004488923213,2.12035446011952,-0.840728926233066
"923",1.03143269397489,-0.350069561929548,0.813414228986658,-0.960169606872437,1.14395129928116,-0.106595262587343,0.221899713975338,-0.742097574406911
"924",0.306677197955786,-0.0741750266457654,1.62861347770562,1.15592056047002,-0.406958222789749,-2.0695356792355,1.2557522435136,0.251702550145652
"925",2.0554877685226,0.00181127971775805,0.127273203829385,0.720695304658957,-0.191055044888988,-0.0109135799359488,2.59599439131646,0.0182913678976688
"926",-3.03227208352289,-0.162695590864158,0.117970062739682,-2.62636363651112,-0.67259474047015,-0.0275746004724948,-2.00834491908791,1.36964576972182
"927",2.96083738150169,-0.0348318978717915,0.492051572799963,0.631461268631189,0.328711181111169,0.996353616124175,-0.071489206068306,-1.84802646331152
"928",-1.12596334166624,1.04831118125416,0.486507698929978,0.791800811109648,0.20649604532275,-0.600194652570678,-0.595443964935466,0.939720636505276
"929",-0.288966087966149,0.626366801895022,-0.262610441908526,-0.955304005550864,2.09519534421859,0.621899734877611,-0.835552419729908,0.95478065206211
"930",-2.19159111070857,0.127024003105506,1.03736558211803,0.109300654095283,-0.69780387238094,-0.473632128934806,-0.849905461935462,1.35632420055021
"931",-2.19669277326449,0.461019506335091,0.39323334469451,0.28599097012604,-2.42328641294779,2.22005209221054,-0.0121055565714743,1.56445980808934
"932",-4.29878332413864,0.580416733008672,0.315350981142324,1.15206548423652,-0.362974903708748,0.539080669825068,-2.0942961649792,1.64853990669193
"933",0.297785424892083,-0.887144888079615,-1.05030881898986,-0.96632610094728,-1.4777461024904,1.04756165701752,0.349433557661666,-0.921157961272928
"934",-0.219488000431543,-0.444379833159508,1.58450533731666,-1.75306453897782,-0.91912898116408,1.4197617688397,-0.549403358293583,0.438624162503442
"935",1.24190225715521,0.605858382837872,2.51970978627459,2.02427798255307,0.364986400671048,-0.214095206056431,2.73151547739963,-0.508665603532403
"936",1.22865356125011,-1.08826512565736,-1.3682937511998,-0.988234843828208,0.501984032170482,-0.61832338694724,1.5107643670315,-0.585454992501922
"937",1.07797406750902,-0.746539534565553,-0.29047377485003,-0.671480496667748,-0.657507436201348,-0.0507813152189468,1.74812909631195,0.0003468446135655
"938",-1.55057984324287,0.348873816580105,-0.408576394293198,0.862187791120672,0.108107947499972,-1.23309325060686,0.0917775637958773,0.961222490861252
"939",-1.03377639622135,0.156826702263788,-1.88965994013859,-1.4890070505576,0.936868378978238,-0.345434783094793,0.628285573103556,-0.406586594797374
"940",-2.25377273404927,-0.128441986332367,1.15923709661381,-0.553598954881685,0.508601750682342,-0.172850712726759,-1.87562999429999,1.04274383276091
"941",-0.755750842386214,-0.619196639520998,1.40447380792049,0.568566692555068,2.15117610161188,-1.10368288399623,0.787340196710014,0.556309043023669
"942",-1.54669456900055,0.774364933266045,0.414206007823423,0.362930902715272,0.873971719457477,0.397528877880446,-1.8184916736636,-0.277689179689338
"943",0.229904135545022,0.269514362805242,0.972718770930395,0.523774507925665,0.240037373799731,-0.498617754427601,0.0860214338184071,0.13020304080035
"944",1.11845972426152,-1.40721151743048,-0.460647732300735,0.0383183380923859,-0.17381110683826,-0.845393942144617,-0.749753964445246,-0.327600663870573
"945",-1.218272122822,0.944608531751055,-0.00532235052927849,-0.432336942315229,1.45083450951002,1.02977937674907,-0.541070085993956,0.705242377310027
"946",0.574422682478382,1.84568670486188,-0.325353446900212,1.68446969785224,1.78523403564365,-0.394892510212804,-0.444653641943921,-1.14902918274854
"947",1.28529785353239,-0.627379597663175,-1.71199466607704,0.335181825030108,0.490743817594561,-0.936983181347001,-0.342700239623047,-1.62641074559472
"948",2.81349330149561,-0.141860709287719,0.167599561608181,-1.06094085353619,-1.20792043740558,-0.228622533932568,1.92836015965597,-0.938875435366262
"949",1.26884171478648,1.29429867256251,0.353519579409329,0.936671565477681,-1.87190067643411,-0.560160235545561,0.846149632029475,-2.09015312727629
"950",-0.788410569817747,0.475906492003838,-0.791642406074428,0.144257571776697,-0.433899850212727,-1.08081794009441,-1.19591088878291,-0.709590321363636
"951",1.4306076917198,-0.319662250490042,0.322274003425041,-0.098216142411013,0.47249406185727,-0.44922381701368,0.788077159335041,-1.43510900004709
"952",-1.97453934551135,-0.487920744022482,2.20451911763667,-0.0147264829746047,-0.547629579943596,1.00051300631318,-1.39007312147171,0.480776287122497
"953",-3.8097946019434,0.840458915495866,-1.65407329132497,0.754567673526481,1.52020919728513,2.80261689436421,-3.34123412416873,2.78439449625167
"954",-1.317158880594,0.306895525066608,0.267074577388334,0.952604908314061,0.43509610800755,1.31597337595925,0.0990888014803191,0.348427634779609
"955",1.44166893829972,-1.10265826840453,0.245200225046631,-0.645601819771965,-0.981813484741943,-2.4555360483364,1.48609849956669,-0.808982575786189
"956",1.78967137691555,-0.332901083981912,0.0705945099410136,-1.0621916548031,0.574898673322798,1.32510942881096,1.88455139014292,-1.20146593641443
"957",0.583221318953446,-0.663709835554843,-1.68471236842278,-0.48104598751064,-0.429853210130111,0.617161044750108,0.515944692577604,-0.457903587476251
"958",-1.04238483213664,-0.2666308361787,0.46820579434296,-0.761369980289962,0.333197699080252,1.03688166996736,-0.196096091080805,-0.827587607397408
"959",1.33352640715244,0.62403125004832,0.390058625656622,0.914537185385598,-1.05430124387053,0.44035576725792,0.679830024355275,-1.02476695040013
"960",1.52589339520659,0.302783183684551,-0.980075365496587,0.132244676903768,-1.08232768860181,-0.984009956995745,1.54727667874145,-0.310917505458212
"961",-0.192653507549804,-0.393855521012278,-0.0804460169705482,1.01432291976933,1.05258573136986,1.64752734976746,-0.475331183021859,-0.0192690613456548
"962",1.3228490920457,0.779377839844353,1.32581385990163,-0.752989566784619,0.963765146554609,-0.248784588675684,-0.0591512155206673,0.974731486279559
"963",0.37494219806685,0.305441342396558,1.40390868407586,-1.85345770683527,0.495060492582706,0.0632035053812821,0.45342621270587,0.0319873636406847
"964",1.0235782553165,-1.81791118724305,-1.41038058168191,-0.452662946027174,2.1918351788881,-1.4683972370336,-1.30103559309878,-0.150898947720227
"965",-0.793050801635623,-2.63387531393293,-0.129311009737081,-1.44544203100865,-0.749042256781208,0.857621766366812,-0.771231753764849,-0.0209443451944906
"966",1.40327188942824,0.360226314602646,0.532426409620484,-0.209899590576368,0.198198950662336,-0.59159630130158,2.58809115588509,-0.76011013607277
"967",0.564422273365306,-0.649993787275422,0.638324665819324,0.366313411190276,-1.02891530577429,-0.0486784432672305,0.141280880719997,-1.07889177527244
"968",-1.80766637747728,-1.52753426520917,-0.830473818682167,0.720592864133936,0.253666649526863,-1.46540935971182,0.101504094723299,0.413956266211286
"969",0.105553081769044,-0.810395245207691,-0.170835226054169,-0.805945806159096,0.185311961318833,-0.894305013913306,1.54475873866487,0.167851460087512
"970",2.28365746416102,0.960227693530476,1.50501603743376,0.216563946256649,1.21985176173241,0.202831820082279,2.45925819580916,-0.372119986882318
"971",1.89335130898522,-0.483729863507445,-2.05630829804088,0.621053466987309,1.70473189181264,-0.0858940725768697,0.496398337375906,-0.381386728225721
"972",-1.278840590372,0.118312742818204,0.886462632912584,1.46491445893448,0.814746410994045,0.734538182068881,-2.06080853369197,0.596699683122296
"973",-0.187754436387795,-0.193286876488184,0.236533723072558,0.238478659346291,-0.30870599253157,-1.1299741791498,-0.381020502477574,-0.255967055606189
"974",-1.49649481833491,-0.45993939692989,0.935026723154202,-0.504558453847949,1.42096705118936,0.949572781504088,-0.113375465656695,0.34070112955606
"975",1.36108536845152,-0.770434432025448,0.905246775193545,0.490582282499031,-1.18252710261222,-0.96991641775714,0.418601474870943,0.582501823447712
"976",-0.670800507173673,0.395071287102944,-0.691976786269539,0.742856890789226,-0.335760803832604,-0.282838672476621,0.41568984181165,1.43656329298068
"977",0.24978282105353,1.40800558720732,1.09300937633649,-0.0817029470927857,1.92435275062686,0.963006434343976,0.524477859455043,0.723451005806201
"978",-1.1058778671368,-1.92753537116321,0.765058451966834,-1.93012998160079,0.281140796465698,-2.1786459139031,-2.13857995608446,1.96553901342779
"979",1.62749505018455,1.05726559734515,0.824846531518534,1.86977566594122,-0.827895212586224,0.41431929899637,0.0322052920039249,-0.550414555427665
"980",2.15795111305587,0.150912752577571,-0.480476223149587,0.791710035629588,2.04345127687865,-1.20892692313541,-1.44442004618164,0.0109987951471508
"981",-0.422584088810035,0.735049735087463,0.233421066469083,0.766775016590752,-1.02854625683218,-0.788721952571531,0.0562504466319175,0.228674321311319
"982",-1.63928196384914,0.0419660179574146,1.3248869563776,1.50345640145574,-0.100184849004729,-0.937808651228886,-0.914201290455094,0.310638178596732
"983",-0.0356757277928562,0.203845236176222,0.901570714699492,2.36669647682948,-1.49758409979153,0.0314319498911209,1.36195532228087,-0.0509094361604839
"984",-0.533064998821792,1.63976433683098,1.25301598210705,1.76117979887765,1.11738672325242,1.34580496347583,-1.75836633832423,0.31193989180797
"985",1.84743122198977,-2.2420304129592,0.250762691611836,0.110454467542665,1.67385993446223,-2.17358433774175,0.832213761969934,-1.00633190662653
"986",-1.31262570576316,2.99507364511944,-0.247699662022573,-0.175693121170432,0.48682979040004,2.65729566024375,0.252852749330361,1.34076514319177
"987",3.06374745446579,-0.0956938485826468,0.265516296032601,0.774835923438162,-1.2788882569699,-0.532924499520404,0.539051547917672,-2.03317218873117
"988",-1.26870838786523,1.95005575092336,-0.956493755868996,0.492529178191194,-1.6495109796782,0.617535303812257,0.43887337752737,1.18102481345611
"989",-2.15251119428717,0.602100502623164,-1.12251844296169,-0.717441306841266,-0.961401246456518,0.286043931003608,-0.60982661102792,0.214768856965318
"990",2.51550307676646,1.73286576910125,-0.965620927703258,-0.367992983065302,1.05464040730218,1.92680547672649,0.411471732058698,-1.87560342858885
"991",0.641262472175912,-0.264978653021833,0.489096599487136,1.19935401857248,-0.493651382080829,0.21821781377512,0.555619525179908,-0.180733344576183
"992",1.51265020462632,0.672790059028282,-0.623455601988879,2.0553729987119,0.75856424645959,0.441778176209818,-0.0313270630573324,-1.78679453136999
"993",2.77481777567266,-0.842116557244958,-0.654483236284374,-1.22319948532968,1.00425392079626,-1.13112394248215,0.765038369137812,-1.44215854550404
"994",-2.38816051687209,-1.38665565269068,-1.14463277821314,0.304554947273332,0.94859510765193,-1.20106987117369,-1.47581720565884,1.59065341330343
"995",-0.183498759983462,0.225204511679022,-0.503296395167224,-0.781518778434293,0.0958321287345005,1.09311342551499,-0.621111439217849,0.110939624894164
"996",-1.30183017330788,-0.0923086935937862,1.20614545837697,0.485349834825851,1.07080564695272,-0.43896003498247,0.508197468567461,2.17630417473307
"997",0.622283492572141,-0.0436478734376236,0.0527376140977431,-1.66235654446091,-1.15239936619164,1.46375060120115,-0.436598687002403,0.133853193445038
"998",-4.10937159850396,-0.0301198165079899,-1.04323102994896,-1.02642313798664,0.979923267209969,1.59584999337473,-2.35608717331527,1.08899448410855
"999",-2.55018219193985,0.408656652399376,-1.13000539803035,1.19525574195355,2.30924137713588,-1.30822883780712,-2.43760467373729,1.97636450275746
"1000",1.05918158620177,-0.354265915659418,-0.63900674744672,-1.97381834111721,0.865682581249883,1.62448663652237,-0.428070087537365,-1.01615222874686
